1 大限度  4.7781781108642945e-06 5.72524640169232 -4.888566773061323 2.7356247035870808e-05 0.4382549309311553
1 王妍  1.38315682156598e-06 7.592264191628473 -1000 1.0501292007782043e-05 1.1314021114911006
1 星级  3.6465043477648563e-06 4.063040428666227 -1000 1.4815894588275781e-05 0.661398482245365
0 通过中  1.38315682156598e-06 0.4625373987610276 -1000 6.397617583256992e-07 1.236762627148927
0 新闻发布会上获  1.7603814092657927e-06 6.12079698906944 -4.826371023052024 1.0774937229447882e-05 1.1314021114911006
0 范志  2.3890890554321472e-06 4.03373609851736 -2.072840857648484 9.636954765469394e-06 0.949080554697146
0 个女  1.8861229384990636e-06 1.461595059800093 -1000 2.756747969085866e-06 0.949080554697146
0 贸部部长石  2.3890890554321472e-06 7.927593787901568 -1.1986957472250923 1.8939727554587516e-05 1.0360919316867758
0 奥会游泳  1.6346398800325218e-06 6.554412090838326 -4.588884444117306 1.0714103393851672e-05 1.3545456628053103
0 人联合会  2.3890890554321472e-06 3.702609070704696 -1.8181021424834758 8.845862807364382e-06 0.8690378470236095
0 于11日  1.7603814092657927e-06 3.651419361430205 -1000 6.427890761294905e-06 1.488077055429833
0 记者了  1.38315682156598e-06 -0.5645855685597465 -5.722693438941899 -7.809103805111206e-07 0.949080554697146
0 过国  5.53262728626392e-06 0.28626382257225813 -5.771932436505972 1.5837910358334886e-06 0.2151113796169455
0 是7  1.38315682156598e-06 -0.19243619165474232 -1000 -2.6616943120343514e-07 1.1314021114911006
0 1的  2.76631364313196e-06 -2.96580016784033 -1000 -8.20433346709976e-06 0.661398482245365
0 给一  1.7603814092657927e-06 0.9024167125273904 -1000 1.5885976041439714e-06 0.949080554697146
0 区将  4.526695052397753e-06 1.3207677798071322 -7.6785299452213716 5.97871297421931e-06 0.4895482253187058
0 育代表团  1.7603814092657928e-05 5.460791725365266 -0.795581578548383 9.613076233205487e-05 0.2559333741372007
0 项目建  4.023728935464669e-06 2.5772770271659433 -6.073869715765525 1.037026414891597e-05 0.7949298748698876
0 人类社会的  1.38315682156598e-06 3.6039149793484317 -1000 4.984779588029601e-06 1.3545456628053103
0 01星  1.257415292332709e-06 4.984153545709724 -1000 6.2671508877097e-06 2.740840023925201
1 工业污染  2.1376059969656055e-06 5.618342614258919 -1000 1.2009802865247281e-05 1.1314021114911006
1 塔吉克斯坦  1.257415292332709e-06 8.39906649336274 -1000 1.0561114650073572e-05 1.236762627148927
0 也同样  1.257415292332709e-06 4.844184621927655 -1000 6.091151822494777e-06 1.1314021114911006
0 中国跳  3.2692797600650437e-06 3.9160629701903233 -0.6869295439490749 1.2802705407583422e-05 1.3545456628053103
0 总决  8.29894092939588e-06 3.1395100168049446 -4.311872374750675 2.60546081767109e-05 0.4382549309311553
0 方面的投  1.508898350799251e-06 3.99514672805584 -1000 6.028270309164481e-06 1.1314021114911006
0 巴拉克政  1.38315682156598e-06 3.1219289284912635 -5.825731903007111 4.3181172938868614e-06 1.6422277352570913
0 备状态  1.6346398800325218e-06 5.40921309096722 -1.7581428584290704 8.842115438089004e-06 1.0360919316867758
0 江川  2.3890890554321472e-06 3.8048127766504947 -2.7949072451954766 9.090036562664096e-06 1.3545456628053103
0 6场  3.017796701598502e-06 1.1624765931091134 -5.807541708947054 3.5081180283701463e-06 0.6007738604289301
0 新华社青岛1  1.6346398800325218e-06 5.448121234100889 -6.316470194046268 8.905716240513312e-06 0.7949298748698876
0 出口的  7.167267166296442e-06 1.5123939120139949 -4.796336807133029 1.0839731228084535e-05 0.13815033848081718
0 成都举行  1.8861229384990636e-06 4.356215186712863 -7.864688107539097 8.216357388697111e-06 1.1314021114911006
0 位上  6.790042578596629e-06 1.9167626202826262 -2.2772672850097555 1.3014899804781475e-05 0.2151113796169455
0 场特  1.38315682156598e-06 0.5894687561078371 -1000 8.153277311105678e-07 1.1314021114911006
0 科市  1.508898350799251e-06 0.2780635105284089 -2.7777835391168852 4.195695724537663e-07 1.6422277352570913
0 继续举行  1.6346398800325218e-06 3.509156246408028 -1000 5.736206745643794e-06 1.236762627148927
0 以新的  1.257415292332709e-06 1.5847777539523662 -1000 1.9927237827683886e-06 1.1314021114911006
0 中共中央关于制定国民经  4.400953523164482e-06 5.5701344007000815 -0.35277461396714926 2.4513902615260702e-05 0.661398482245365
1 香港代表  1.38315682156598e-06 3.147212746061718 -6.00925981340893 4.353088778634665e-06 1.824549292051046
0 以金正  1.257415292332709e-06 3.99968023939797 -7.509937824167989 5.029259097459958e-06 2.0476928433652555
0 事对  1.38315682156598e-06 0.5396264747573214 -1000 7.463880396581912e-07 1.488077055429833
0 尔辛基10  1.8861229384990636e-06 5.44476743460562 0.0 1.026950075320236e-05 0.949080554697146
0 以每小时  1.508898350799251e-06 5.2345229776597675 -1000 7.898363088211608e-06 1.1314021114911006
0 目前这  5.6583688154971905e-06 2.5671427318513986 -7.0986286003527495 1.452584037883822e-05 0.3429447511268304
1 淮  2.099883538195624e-05 1000 -2.6330871626287546 1000 0.1758906664636642
0 天到  2.76631364313196e-06 0.7357993321036302 -1000 2.0354517310056562e-06 0.661398482245365
0 席第  2.1376059969656055e-06 2.096598358556353 -6.596262557836638 4.481701224478304e-06 1.0360919316867758
0 保护母亲河行  1.257415292332709e-06 5.88796951132255 -6.811244378601293 7.403622904325722e-06 1.824549292051046
0 控与  1.6346398800325218e-06 2.929741873205444 -1.9122935382563284 4.7890729041428025e-06 1.824549292051046
0 与奥  3.5207628185315854e-06 1.9276645924785003 -3.68987895444702 6.786849823798145e-06 0.4895482253187058
0 克列巴  1.8861229384990636e-06 7.227940124262993 -2.354544831924757 1.3632783666470203e-05 1.3545456628053103
1 瑶  4.903919640097565e-06 1000 -5.108534156431948 1000 0.7949298748698876
0 息化带动工业  2.0118644677323346e-06 6.3405119655964715 -0.7239188392266991 1.2756250730815245e-05 0.8690378470236095
0 约证  4.903919640097565e-06 4.518150022176014 -0.5705448584676128 2.2156644630656207e-05 0.3429447511268304
0 次强调  1.257415292332709e-06 2.98812799423817 -1000 3.75731783540254e-06 1.3545456628053103
0 件发生后  1.257415292332709e-06 6.757220881925625 -1000 8.496632870603196e-06 1.0360919316867758
1 反导  2.0118644677323346e-06 3.0461009217460293 -1000 6.128342209587549e-06 1.824549292051046
0 勃发展  3.772245876998127e-06 5.212822366017388 -1.4508328822574619 1.9664047677732713e-05 0.4382549309311553
0 牌榜前  1.6346398800325218e-06 4.8289105685993094 -6.706177505582488 7.893529792542953e-06 1.6422277352570913
0 好成  1.7855297151124468e-05 2.979586281837341 -2.326413431833076 5.3201398449619816e-05 0.06669137449867214
0 友好会见  2.640572113898689e-06 5.3672570636126755 -0.7182208181120612 1.4172629330301392e-05 1.824549292051046
0 建设成  6.4128179908968165e-06 2.2228886395689162 -7.206885174347344 1.4254980259587696e-05 0.10178269430994238
0 近70  2.0118644677323346e-06 3.9936604461615945 -1000 8.034703547820574e-06 0.8690378470236095
0 方面是  1.38315682156598e-06 1.075753614882914 -1000 1.4879359507495646e-06 1.1314021114911006
0 售出  2.514830584665418e-06 2.5810952684053845 -1000 6.491017322921057e-06 1.1314021114911006
0 是应中  1.508898350799251e-06 4.047707865255611 -1000 6.1075797224013485e-06 1.1314021114911006
1 申办  4.7781781108642945e-05 6.625591369144798 -1.8552358979439114 0.0003165825565157907 -0.0317486983145803
0 部发言人朱邦  2.3890890554321472e-06 6.470788941549927 -0.19105523676270922 1.5459291040268297e-05 1.236762627148927
0 的几个  2.3890890554321472e-06 1.962536501042596 -1000 4.688674475526967e-06 0.8690378470236095
0 彩的文  1.6346398800325218e-06 5.018010429779619 -6.759641893517919 8.2026399669369e-06 1.1314021114911006
0 色列右翼政党利库德  1.257415292332709e-06 7.742038694807549 -1.8562979903656263 9.73495784868258e-06 1.3545456628053103
0 等问题进  5.784110344730461e-06 4.80402938744517 -4.235294858866638 2.778703607631075e-05 0.13815033848081718
0 1年1月1日起  1.257415292332709e-06 4.754974053540944 -1000 5.978977089567632e-06 1.6422277352570913
0 郑州铁路局  1.257415292332709e-06 7.441044236582443 -1000 9.356482814002933e-06 1.824549292051046
1 股  0.00017339756881268057 1000 -2.85966602532628 1000 -0.0317486983145803
0 1991  9.80783928019513e-06 1.9847920713317275 -5.58663523683753 1.946652164022717e-05 0.1758906664636642
0 势和  1.2699894452560361e-05 2.4806187500242984 -3.5165082281731497 3.1503596302350806e-05 0.03278982282299097
1 欧洲冠军杯  3.143538230831773e-06 8.17838406869634 -6.900059072347667 2.570906298637245e-05 1.1314021114911006
0 德雷  3.5207628185315854e-06 4.657510922470427 -0.9343092373768334 1.6397991282738625e-05 1.1314021114911006
0 投资方向  1.508898350799251e-06 4.981764236588683 -1000 7.516975840659353e-06 1.1314021114911006
0 12亿元  1.38315682156598e-06 3.2112875186696237 -1000 4.441714237457579e-06 1.236762627148927
0 会举  6.161334932430275e-06 1.2448680087575217 -6.7528314109045064 7.670048748622636e-06 0.13815033848081718
0 由3  3.143538230831773e-06 1.542540388506937 -1000 4.849034683873653e-06 0.5436154465889816
0 他都  1.8861229384990636e-06 1.1155538060046242 -1000 2.104071622635256e-06 0.949080554697146
1 过于  5.029661169330836e-06 2.0010550212868874 -1000 1.0064628738261147e-05 0.29849298855599654
0 地区的局势  2.1376059969656055e-06 6.214452590432206 -1000 1.3284051125166326e-05 0.949080554697146
0 菜的  2.2633475261988764e-06 1.100659190892235 -1000 2.491174256893997e-06 0.949080554697146
0 进行谈判  1.508898350799251e-06 4.40948258536915 -1000 6.653461000941528e-06 1.0360919316867758
1 民俗文化  1.257415292332709e-06 6.443885801639476 -1000 8.102640549027095e-06 1.236762627148927
0 沙地带和约旦河西岸  1.38315682156598e-06 8.44012128965334 -6.844040660767563 1.1674011336628275e-05 1.3545456628053103
1 最广  3.6465043477648563e-06 2.336059095570063 -1.9262765691773367 8.518449648631873e-06 0.6007738604289301
0 市场销  2.0118644677323346e-06 3.492482309792762 -4.516888502770002 7.026401063255809e-06 0.8690378470236095
1 商务  3.042945007445156e-05 4.6818561424975025 -1.7247605317534394 0.0001424663077438921 0.03278982282299097
0 际委员会  1.6346398800325218e-06 3.002261206521322 -8.173792392259367 4.907615898454308e-06 1.1314021114911006
1 中介机构  2.0118644677323346e-06 5.5701344007000815 -1000 1.1206355481262037e-05 1.236762627148927
0 人受伤  2.0370127735789888e-05 5.39947932414222 -3.9958806256233346 0.00010998808353953348 -0.0317486983145803
0 优惠政  1.4586017391059425e-05 6.326314465071764 -2.487021613942179 9.227573280884756e-05 -0.0317486983145803
0 签署了一  1.508898350799251e-06 3.335552570007821 -6.1124380799974265 5.033009771889004e-06 1.236762627148927
0 发展是硬道  1.257415292332709e-06 6.145307878046617 -6.532770878127559 7.727204101948486e-06 1.236762627148927
0 塞尔维亚反对  2.1376059969656055e-06 6.598962052202506 -1.0986122886681098 1.4105980856536535e-05 1.824549292051046
0 0人受  2.1376059969656055e-06 3.0362337636021937 -3.8196496852971307 6.4902715012655e-06 0.949080554697146
1 朝鲜最高人民会议常任委员会委员  1.508898350799251e-06 6.870220787780113 0.0 1.0366464816308143e-05 1.3545456628053103
0 族和解  2.76631364313196e-06 6.842162922020074 -6.258798957395425 1.8927568639715766e-05 1.1314021114911006
0 议召开  2.0118644677323346e-06 3.62594189757146 -1000 7.2949036657859766e-06 0.7949298748698876
0 养人  1.38315682156598e-06 1.1336903289556604 -1000 1.5680715120384014e-06 1.1314021114911006
1 管理部  7.4187502247629834e-06 2.838121191023114 -4.277976201526172 2.1055312223807312e-05 0.3429447511268304
0 的30  1.3202860569493445e-05 1.3783909324908479 -5.913120225461609 1.8198703291930716e-05 -0.0317486983145803
0 10月2日电  1.5969174212625404e-05 4.202980104786622 -5.022753041553884 6.711812150553615e-05 2.3353749158170367
0 好局面  1.38315682156598e-06 4.526026139025679 -1000 6.260203928779302e-06 1.236762627148927
0 华社北京10月9日电  7.544491753996254e-06 6.320603083529213 -5.673895840906002 4.7685737843969444e-05 2.740840023925201
0 要因  4.652436581631024e-06 2.371229540549956 -3.1616847307556957 1.1031995057898739e-05 0.4382549309311553
0 总统举行  1.508898350799251e-06 3.160427966973366 -1000 4.768764547185942e-06 0.949080554697146
0 件园  2.640572113898689e-06 4.148279955182555 -3.1800359915519367 1.0953832370299958e-05 1.0360919316867758
0 理整顿  2.3890890554321472e-06 5.487260893725527 -4.862014972619704 1.310955494550048e-05 1.0360919316867758
0 牲的  4.526695052397753e-06 2.7635857882773216 -1.1700712526502546 1.2509910114671696e-05 0.6007738604289301
0 开放式基金的  1.6346398800325218e-06 2.805888167968011 -1000 4.586616698271902e-06 2.3353749158170367
0 董智永  1.7603814092657927e-06 9.539898400817744 -6.393451390839822 1.6793859791084022e-05 1.1314021114911006
1 释放  4.400953523164482e-06 6.460084863040652 -1000 2.8430533237940298e-05 0.5436154465889816
1 多么  2.0118644677323346e-06 3.086945396838773 -1000 6.210515757729818e-06 1.0360919316867758
0 新体系  1.508898350799251e-06 2.6421242952389936 -1000 3.986696991692751e-06 1.1314021114911006
0 最大的发  2.1376059969656055e-06 2.759921102411104 -3.2705718159403343 5.899623899665901e-06 1.0360919316867758
0 和阿拉伯  2.514830584665418e-06 2.2826722556225665 -1000 5.740534003206828e-06 0.949080554697146
0 电特写  4.023728935464669e-06 5.747993158335463 -6.346787014362308 2.3128366392047354e-05 0.2151113796169455
0 际旅游交易  1.508898350799251e-06 7.273417669726408 -3.476013485557967 1.0974847926524308e-05 1.6422277352570913
0 式新华  1.508898350799251e-06 1.44414158754397 -6.817100910714006 2.1790628597657085e-06 1.1314021114911006
0 加5  2.1376059969656055e-06 0.2103856392999843 -6.308452558118771 4.497216042430892e-07 0.949080554697146
0 制裁的  1.257415292332709e-06 2.1868489595617877 -1000 2.749777323774866e-06 1.488077055429833
0 1日将  1.6346398800325218e-06 2.061537152435062 -1000 3.369870843539036e-06 1.1314021114911006
0 人员发  1.6346398800325218e-06 1.3930448271483147 -1000 2.277126629129646e-06 1.0360919316867758
0 高原直  2.514830584665418e-06 6.064149422474057 -3.520460802488973 1.525030843761889e-05 1.1314021114911006
0 也表示  3.3950212892983146e-06 3.0639011510941265 -1000 1.0402009636270172e-05 0.4895482253187058
0 南合作的  2.1376059969656055e-06 3.4796172626708546 -5.720697430295184 7.438050727830263e-06 1.236762627148927
0 电综述  6.664301049363358e-06 5.76388511712472 -5.842231003609912 3.8412265634464116e-05 0.1758906664636642
1 国际象棋节  1.257415292332709e-06 5.150295642476639 -1000 6.47606050088464e-06 2.0476928433652555
0 居民最低生活  1.38315682156598e-06 7.697020477660666 -1.1574527886910433 1.0646186379409388e-05 1.488077055429833
0 一个重要原因  1.7603814092657927e-06 5.686927827171298 -1000 1.0011162022788664e-05 1.1314021114911006
0 以市场  2.514830584665418e-06 1.334681980614875 -0.6620565934899141 3.3564990656521047e-06 0.7259370033829363
0 界青少年花样滑冰大奖赛第  1.257415292332709e-06 6.347890805226773 -6.3531519078702505 7.981934972550338e-06 2.0476928433652555
0 健儿取  1.38315682156598e-06 3.8109799528900004 -6.467416359873479 5.271182918691001e-06 1.1314021114911006
0 德齐  1.257415292332709e-06 3.469547947201975 -2.9755295662364714 4.362662646293322e-06 2.740840023925201
0 用最  1.8861229384990636e-06 1.2328180628642222 -1000 2.32524642736419e-06 0.8690378470236095
0 我们两  1.6346398800325218e-06 2.404408725991268 -8.698520921194348 3.930342391403515e-06 1.236762627148927
0 合作的典范  1.508898350799251e-06 6.765235781638598 -1000 1.0208053113682561e-05 1.0360919316867758
0 安部部  1.8861229384990636e-06 4.6679796361352865 -6.407099983870224 8.804383468161276e-06 1.1314021114911006
0 本条例第  1.257415292332709e-06 5.95842603846505 -1000 7.492216018999356e-06 2.3353749158170367
0 全国打假  1.508898350799251e-06 5.699005914653783 -6.033949158714138 8.59922062581627e-06 2.0476928433652555
0 成绩公报和奖牌统计新华社悉尼  1.257415292332709e-06 6.414027722078651 -2.8848007128467095 8.065096543187627e-06 2.740840023925201
0 别比  5.406885757030649e-06 2.9485189596033106 -4.805004167866677 1.5942305167013967e-05 0.29849298855599654
0 藏昌都  6.9157841078299e-06 6.770262221220815 -0.9162907318741553 4.682167187536007e-05 0.8690378470236095
0 保险基  1.6346398800325218e-06 3.761458654351054 -6.181448976647506 6.148630323495698e-06 1.488077055429833
0 进技  6.790042578596629e-06 1.7112708267767465 -4.446416423751984 1.1619601777324366e-05 0.13815033848081718
0 进行了亲切友好的交谈  1.38315682156598e-06 6.484776327584052 -1000 8.969462613827466e-06 1.3545456628053103
0 密切联系  1.257415292332709e-06 7.363241311974036 -1000 9.258652226812113e-06 1.236762627148927
0 学校长  4.903919640097565e-06 4.221131701458561 -6.562070145418873 2.070009065422109e-05 0.5436154465889816
1 案例  1.508898350799251e-06 4.418132556489926 -1000 6.666512928100128e-06 1.236762627148927
1 借款  2.1376059969656055e-06 5.7241656933619005 -1000 1.2236010913755181e-05 1.1314021114911006
1 熟的  3.8979874062313984e-06 2.308672404755176 -6.638008442745738 8.999175958849635e-06 0.4382549309311553
0 鲁吉  4.7781781108642945e-06 5.668971550295395 -4.184457848459234 2.708735577273388e-05 1.0360919316867758
0 万亿  6.538559520130087e-06 3.2909296755479778 -3.0596455992976437 2.151793956013285e-05 0.4382549309311553
0 队在上  1.38315682156598e-06 2.8842739762996006 -1000 3.989403225584026e-06 1.1314021114911006
0 就好  1.508898350799251e-06 1.5658607967070128 -1000 2.3627247737324127e-06 1.1314021114911006
0 理马  1.508898350799251e-06 1.7057805543390723 -1000 2.573849465267658e-06 1.1314021114911006
0 英雄主义精  4.903919640097565e-06 7.734382454219322 -2.1691328424692045 3.792879002127214e-05 0.4382549309311553
0 学法用  1.257415292332709e-06 5.887769984744041 -6.569060574507825 7.403372016554677e-06 2.0476928433652555
0 子乒乓球赛  3.772245876998127e-06 6.280928118747665 -0.4700036292457356 2.3693205199667484e-05 1.6422277352570913
0 从1991  1.257415292332709e-06 2.4228301583053535 -1000 3.0465036917780297e-06 1.1314021114911006
0 比赛共  3.3950212892983146e-06 2.7579125091246404 -1000 9.363171682500286e-06 0.5436154465889816
1 免征  1.38315682156598e-06 5.806688809041905 -1000 8.031561236937146e-06 1.3545456628053103
0 营方  2.1376059969656055e-06 2.132908978245029 -5.94239830316537 4.5593190228783565e-06 0.8690378470236095
1 赢了  2.8920551723652307e-06 2.931073996247904 -1000 8.476827711433977e-06 0.7259370033829363
0 纽约联合国  1.257415292332709e-06 5.150295642476639 -2.5877640352277083 6.47606050088464e-06 1.488077055429833
0 社波哥  1.38315682156598e-06 6.276874903391696 -1.1102230246251565e-16 8.681902340742525e-06 0.949080554697146
0 质小麦  3.2692797600650437e-06 6.861765009372799 -0.16705408466316646 2.2433029463465017e-05 1.824549292051046
0 俄罗斯和挪威  1.257415292332709e-06 8.340270687075988 -1000 1.0487183904123576e-05 1.3545456628053103
1 拉齐奥  2.514830584665418e-06 6.91987725902172 -1000 1.7402318973118525e-05 1.6422277352570913
0 的对外  6.035593403197004e-06 1.9842861159475984 -4.726382238886357 1.1976344191468731e-05 0.1758906664636642
0 间建立  1.7603814092657927e-06 2.6970695970054916 -6.285736429238819 4.747871178064451e-06 1.0360919316867758
0 华社呼和浩特10  9.556356221728589e-06 5.44476743460562 -5.022927851134074 5.203213714955862e-05 0.1758906664636642
0 集型  2.8920551723652307e-06 3.656334457971521 -0.7306302738146857 1.0574320981073759e-05 0.8690378470236095
0 易所市场价格指数和  2.0118644677323346e-06 5.436628534391452 -0.2231435513142097 1.093775977260188e-05 0.6007738604289301
0 要途径  1.8861229384990636e-06 4.344663003007164 -4.896975975623735 8.194568550020038e-06 0.949080554697146
0 会议提  1.7603814092657927e-06 2.111183308589071 -1000 3.716487847992448e-06 1.1314021114911006
0 前三个季度  2.3890890554321472e-06 6.678076160363155 -5.868570817826399 1.595451866606595e-05 1.0360919316867758
0 为中非  3.8979874062313984e-06 3.1471839484025983 -1000 1.2267683395966935e-05 0.949080554697146
0 村居民  1.8861229384990636e-06 4.739618726664753 -5.850860583665896 8.939503600102114e-06 1.3545456628053103
0 重点城市空气质量状  2.514830584665418e-06 6.9249812639772115 0.0 1.7415154680884876e-05 0.3894647667617233
1 做的努力  1.257415292332709e-06 5.6313780259408 -5.949600343009283 7.080980846724345e-06 1.3545456628053103
1 水上摩托  1.7603814092657927e-06 7.104481460523261 -1000 1.2506597085578635e-05 2.0476928433652555
0 互惠互  2.2633475261988764e-06 7.930460488383644 -6.066116118395447 1.7949388128001053e-05 0.661398482245365
0 同期增长3  1.8861229384990636e-06 4.130087093848757 -3.6026191098295297 7.789852005707074e-06 1.0360919316867758
1 看着  4.400953523164482e-06 3.8022067210574955 -1000 1.673333506483766e-05 0.3894647667617233
0 自江苏  1.257415292332709e-06 3.372458879949618 -6.894872653151124 4.240581368411889e-06 1.3545456628053103
0 及沙姆沙  3.5207628185315854e-06 5.93583153491916 -1.1013633220399999 2.089865496521065e-05 0.6007738604289301
1 罚款  7.670233283229525e-06 7.155115937592289 -3.289893312103481 5.48814084098864e-05 0.29849298855599654
1 煤  3.734523418228146e-05 1000 -1.8127632838614416 1000 0.0
0 经济作  3.6465043477648563e-06 1.2418444304269909 -4.9385748653198025 4.5283911147995935e-06 0.661398482245365
0 这个公司  1.508898350799251e-06 3.280342564735906 -1000 4.949703485986594e-06 1.236762627148927
0 进一步增强  2.514830584665418e-06 5.698172188541105 -1000 1.4329937696433052e-05 0.661398482245365
0 款将  1.257415292332709e-06 2.065372570789504 -1000 2.597031054875243e-06 1.1314021114911006
0 予了高  1.8861229384990636e-06 5.3898262372262895 -2.4972271341760415 1.01658749005566e-05 0.949080554697146
0 明强调  1.6346398800325218e-06 3.5313244680092257 -4.591227280019078 5.77244380474251e-06 1.0360919316867758
0 逐中  1.257415292332709e-06 1.191864814903912 -3.9357395320454622 1.4986690446534727e-06 1.1314021114911006
0 集团领导人沙龙  8.047457870929339e-06 7.971501038253911 -0.5506471179526621 6.415031877341783e-05 0.1758906664636642
0 8年来  1.8861229384990636e-06 2.3659733050943617 -1000 4.4625165226149184e-06 0.949080554697146
0 市医  1.7603814092657927e-06 1.5341810611699298 -1000 2.7007438185312105e-06 1.1314021114911006
0 中越边  1.38315682156598e-06 5.483123023710451 -5.496184134677454 7.584019013730593e-06 1.824549292051046
0 万中  1.257415292332709e-06 -0.6850396594687721 -1000 -8.613793436704256e-07 1.236762627148927
0 祝中华人民共和国成立  2.514830584665418e-06 7.44786168720522 -1.06513635947172 1.8730110361341473e-05 1.6422277352570913
0 的父亲  3.017796701598502e-06 3.180100732572071 -1000 9.596897501506976e-06 0.661398482245365
1 非公有制经济  4.275211993931211e-06 6.861884834460919 -1000 2.9336012345262004e-05 1.236762627148927
0 基础电信  1.38315682156598e-06 5.246486751522943 -3.739831781287864 7.256713939624497e-06 2.3353749158170367
0 一步深  4.023728935464669e-06 4.339963838406951 -5.751862564673643 1.746283807546836e-05 0.4895482253187058
0 前世界排名  2.1376059969656055e-06 5.543461657822409 -5.969760112522206 1.1849736883710078e-05 0.7949298748698876
0 在西部大开发中  2.514830584665418e-06 5.042884982902159 -1000 1.2682001389952293e-05 0.949080554697146
0 洛美  1.6346398800325218e-06 3.4024606822785164 -1000 5.5617979214951266e-06 0.949080554697146
0 来购  1.38315682156598e-06 2.257521353284888 -1000 3.1225060596268554e-06 1.236762627148927
0 委会组  5.029661169330836e-06 3.9651310589312065 -1.1270117631898076 1.994326571841395e-05 1.1314021114911006
0 中获  1.244841139409382e-05 2.231099017298349 -4.717509066205871 2.777363842828829e-05 0.0
0 比现  1.38315682156598e-06 0.5510715520945492 -1000 7.62218376450528e-07 1.236762627148927
0 然林资源  2.0118644677323346e-06 6.968047149773837 -1.0438873889788631 1.4018766470113552e-05 1.488077055429833
1 金牌总数  2.76631364313196e-06 6.3418612133361885 -1000 1.7543577197301302e-05 1.1314021114911006
0 以实际  1.7603814092657927e-06 2.9834344104328965 -4.076124016108572 5.251982471889922e-06 1.1314021114911006
0 于以色列  2.2633475261988764e-06 2.936037886173195 -1000 6.645274086496279e-06 0.7949298748698876
0 0多个国家的  2.2633475261988764e-06 2.9049974423271503 -1000 6.575018774705219e-06 0.661398482245365
0 境卫  2.514830584665418e-06 3.7347255187266333 -4.794550107149492 9.392201959824157e-06 0.949080554697146
0 开赛新  2.514830584665418e-06 3.439775460355149 -5.937104885420356 8.650452532082697e-06 0.8690378470236095
0 面广  2.2633475261988764e-06 1.704276679621831 -1000 3.857370406780506e-06 0.7259370033829363
1 厂商  6.664301049363358e-06 4.797999833524453 -1000 3.197531532540223e-05 0.4382549309311553
0 资源开  1.1568220689460923e-05 4.1247470654355896 -2.910080516080401 4.771598434116521e-05 0.13815033848081718
1 目击者  1.508898350799251e-06 6.114539182078597 -1000 9.226218087735797e-06 1.1314021114911006
0 提供了更  1.508898350799251e-06 4.894675747088426 -1000 7.385568162478818e-06 1.1314021114911006
0 失面  1.508898350799251e-06 2.6213594011283776 -1.6259672143853108 3.955364877214721e-06 1.6422277352570913
0 峡两岸妇女发展交流研讨  2.1376059969656055e-06 8.876922097891162 -5.826693949559196 1.8975361911048653e-05 1.824549292051046
0 队联  2.0118644677323346e-06 1.0038180908677619 -0.4418327522790392 2.019545949083758e-06 1.3545456628053103
0 可以利  2.1376059969656055e-06 3.0427468729564513 -6.004903253591604 6.504193962880054e-06 0.8690378470236095
0 媒体上  1.38315682156598e-06 2.6893736372987855 -1000 3.7198254921695265e-06 1.3545456628053103
1 尾  1.936419550192372e-05 1000 -2.2037392583574134 1000 0.0
0 记者董智  1.508898350799251e-06 6.939282867011439 -3.8642323415917974 1.0470672473763059e-05 1.1314021114911006
0 员介  3.5207628185315854e-06 2.962492706634848 -3.857717660570604 1.0430234171690973e-05 0.5436154465889816
1 相遇  3.2692797600650437e-06 4.679226313797944 -1000 1.529769988046338e-05 0.5436154465889816
0 开放以  1.0436546926361486e-05 4.035315662001242 -2.781231818395801 4.211476126915743e-05 0.03278982282299097
0 法和法  1.508898350799251e-06 4.8675693862540355 -2.614959778036198 7.344667419319636e-06 1.236762627148927
0 使阿  2.0118644677323346e-06 2.4227713274725104 -4.398420444449559 4.874287547182644e-06 1.0360919316867758
1 外汇  2.0370127735789888e-05 5.735665789164438 -2.043073897508961 0.00011683624477507971 0.06669137449867214
0 本届奥  1.4586017391059425e-05 5.5753931679618445 -3.0861965801663844 8.132278170988537e-05 0.6007738604289301
0 主地  1.7603814092657927e-06 -0.03938969583563685 -1000 -6.934088826568932e-08 1.236762627148927
0 突尼斯10  2.1376059969656055e-06 4.51436301152356 -5.99703722614303 9.649929445912474e-06 0.6007738604289301
0 上广  1.257415292332709e-06 0.15058481625594447 -1000 1.8934765075333568e-07 1.236762627148927
0 督工作  1.7603814092657927e-06 3.8228016918551675 -4.492641180851653 6.729589029651656e-06 1.0360919316867758
0 1978年  4.275211993931211e-06 5.448121234100889 -1000 2.3291873244419433e-05 0.4895482253187058
0 逐渐成  1.8861229384990636e-06 4.159233292920954 -7.142746733231113 7.844825320347205e-06 1.0360919316867758
0 矛盾和问  1.7603814092657927e-06 6.933847367670656 -5.68236425728262 1.2206216000733977e-05 1.236762627148927
1 文化局  2.2633475261988764e-06 2.968185186813645 -7.1615164157711435 6.718034599874814e-06 0.6007738604289301
1 完美  3.017796701598502e-06 2.632440368806314 -1000 7.944169862138438e-06 0.5436154465889816
0 赛不  1.6346398800325218e-06 -0.028598474388652408 -1000 -4.674820674377992e-08 1.0360919316867758
0 任国  7.921716341696067e-06 1.1400806108692787 -1.1474024528375415 9.031395205973999e-06 0.3894647667617233
1 特色产业  1.508898350799251e-06 4.891665376233534 -1000 7.3810258188605766e-06 1.1314021114911006
1 博物院  3.5207628185315854e-06 5.752004856992085 -1000 2.0251444832510822e-05 1.236762627148927
1 药品价格  1.6346398800325218e-06 6.087046036554122 -1000 9.950128202945269e-06 1.3545456628053103
0 的发展道  2.0118644677323346e-06 3.4140154802246863 -5.447006731937298 6.8685364369521895e-06 0.949080554697146
0 她表示  1.508898350799251e-06 3.622542498268228 -1000 5.466048401337128e-06 1.0360919316867758
0 加达10月  5.53262728626392e-06 6.036841937877431 -0.3222324130775557 3.3399596428363034e-05 0.29849298855599654
0 们又  3.3950212892983146e-06 3.0365841818105164 -7.552562607190204 1.0309267943993206e-05 0.6007738604289301
0 法特和  5.155402698564107e-06 3.6538133207856287 -2.489796635082192 1.883687905402771e-05 0.7259370033829363
0 到如  1.508898350799251e-06 1.365041142399207 -1000 2.059708328539289e-06 1.0360919316867758
0 1950年10月  2.8920551723652307e-06 5.448121234100889 -8.446511659102729 1.575626719475432e-05 0.661398482245365
0 户家  1.6346398800325218e-06 1.796130090278562 -1000 2.936025875295751e-06 1.1314021114911006
0 人民检察院检察长韩杼滨  1.6346398800325218e-06 5.8333439067720825 -3.669461368256835 9.535416583954359e-06 1.1314021114911006
0 平也  1.7603814092657927e-06 1.3804122256323543 -1000 2.4300520191264133e-06 1.0360919316867758
0 销的  2.3890890554321472e-06 0.18095324487499337 -1000 4.3231341687577996e-07 0.7259370033829363
0 自治区的  6.287076461663546e-06 1.9434671460065867 -3.7313529766726647 1.2218726547674441e-05 0.2151113796169455
0 间组  3.772245876998127e-06 2.2170922857874844 -1.2809338454620645 8.36341723398619e-06 1.1314021114911006
0 本届公  1.7603814092657927e-06 2.7270835897720076 -3.037696472653023 4.8007072529484635e-06 1.1314021114911006
1 一战  4.14947046469794e-06 0.7997735898460643 -1000 3.318636889511688e-06 0.4895482253187058
0 的友好合作关系  8.676165517095692e-06 3.3817380786653173 -6.224640934122566 2.9340519305965465e-05 0.2151113796169455
1 制冷  2.3890890554321472e-06 4.025458020777918 -1000 9.617177700542076e-06 1.488077055429833
0 家级高  1.508898350799251e-06 4.5413581016908955 -4.182869944042945 6.852447750030209e-06 1.3545456628053103
0 吁巴以双  1.257415292332709e-06 7.505649916743319 -4.254193263163996 9.437718984208773e-06 1.236762627148927
0 日本选手  1.508898350799251e-06 3.750572863084616 -1000 5.6592332076608016e-06 1.236762627148927
1 拳王  1.38315682156598e-06 4.741557690124741 -1000 6.558317863944666e-06 1.488077055429833
1 全部实现  1.257415292332709e-06 4.445189802326969 -1000 5.589449634767344e-06 1.3545456628053103
0 过8  2.8920551723652307e-06 1.4021985731907325 -4.792977967972824 4.055235636279405e-06 0.6007738604289301
1 主席台  2.0118644677323346e-06 3.476331747480148 -1000 6.993908320805165e-06 1.3545456628053103
0 限责任公  5.029661169330836e-06 6.749194594634736 -4.519339929382898 3.3946161976891904e-05 0.4895482253187058
0 技术专  2.640572113898689e-06 2.695850819371539 -7.870272892622559 7.118588496863418e-06 0.7259370033829363
0 游部  3.8979874062313984e-06 1.992353024561368 -4.0943445622221 7.766166998507248e-06 0.5436154465889816
1 司法  3.470466206838277e-05 4.429573206915987 -3.1655101118694153 0.00015372684125318186 0.0
0 们开  1.508898350799251e-06 0.32664353012206804 -1000 4.92871883900434e-07 1.1314021114911006
0 这几天  2.76631364313196e-06 4.78562886930285 -1000 1.323855043211865e-05 0.6007738604289301
0 行的九届全国  1.508898350799251e-06 5.150295642476639 -1.3862943611198906 7.771272601061569e-06 2.0476928433652555
0 华社布宜诺斯艾利斯  2.2633475261988764e-06 6.66647205059879 -5.9910477936116395 1.5088543024196722e-05 0.661398482245365
1 风情  1.0436546926361486e-05 4.778555099960995 -5.4386720186115936 4.987161454094692e-05 0.06669137449867214
0 论在  2.3890890554321472e-06 0.9111528886084379 -5.796434479010633 2.1768253939998052e-06 0.6007738604289301
1 库奇马  2.514830584665418e-06 8.056229875672678 -1000 2.026005328843693e-05 1.3545456628053103
0 了欢迎  2.2633475261988764e-06 2.270282259932513 -1000 5.138437736791448e-06 0.949080554697146
0 个国  6.878061649059919e-05 2.0737334588693437 -1.5939019718738767 0.00014263266573821606 -0.0317486983145803
0 今天在第  1.6346398800325218e-06 3.068605852563012 -2.086646925401106 5.016065502700697e-06 1.3545456628053103
0 工程设  1.6346398800325218e-06 2.1375746450196287 -6.2763238894028435 3.4941647612954463e-06 1.3545456628053103
0 的旋律  1.257415292332709e-06 2.9489890116086843 -1000 3.7081038801178805e-06 1.3545456628053103
1 参观访问  5.029661169330836e-06 6.759690179430891 -1000 3.3998951212190546e-05 0.4895482253187058
0 均告  2.640572113898689e-06 4.2717141605779085 -0.4950772667978514 1.1279769290968172e-05 0.3894647667617233
0 八届世界青年  1.508898350799251e-06 6.024134754976982 -0.3483066942682157 9.089806996777219e-06 1.488077055429833
1 吸收  1.7100847975724844e-05 6.121581835180528 -5.525759358622461 0.00010468424033438091 0.0
0 在台湾问题上  2.76631364313196e-06 5.558049008266748 -1.1657515915057381 1.5375306800764363e-05 0.5436154465889816
0 声援巴  3.2692797600650437e-06 6.679374172514155 -3.3099813733904937 2.1836742792101728e-05 0.8690378470236095
0 自来  5.029661169330836e-06 1.6274035850280872 -5.118068167875245 8.185288618445565e-06 0.4382549309311553
0 们也  7.921716341696067e-06 2.771045970577935 -6.154305065794096 2.1951440148718264e-05 0.2559333741372007
0 为确保  3.772245876998127e-06 3.860395881094056 -1000 1.4562362446037605e-05 0.4895482253187058
1 邓朴方  2.0118644677323346e-06 6.8018821207917375 -1000 1.3684464952524752e-05 1.488077055429833
0 作的开展  1.257415292332709e-06 4.572344596423939 -6.944665633002234 5.74933601735829e-06 1.1314021114911006
0 装备和  1.508898350799251e-06 2.827492884641242 -1000 4.266399350531787e-06 1.236762627148927
0 委会主席  9.80783928019513e-06 5.86435383140879 -2.319520761357892 5.7516639860653946e-05 0.3894647667617233
0 高速铁  2.514830584665418e-06 5.8150605083740965 -5.2238631806230895 1.4623892018139213e-05 1.236762627148927
0 体系建  3.017796701598502e-06 4.035772475549881 -5.60424408690229 1.2179140865116451e-05 0.7259370033829363
0 系中  4.400953523164482e-06 0.6890655808005454 -6.557844112641169 3.03254559551554e-06 0.4895482253187058
0 现良好  1.8861229384990636e-06 3.337663977433198 -1000 6.295244588838776e-06 1.0360919316867758
0 大努力  3.143538230831773e-06 2.1499884417071526 -1.0216512475319812 6.7585708623528624e-06 0.5436154465889816
0 充分发  1.4837500449525967e-05 4.699386401427417 -2.195398222356206 6.972714784367551e-05 0.1758906664636642
0 的矿产  1.38315682156598e-06 1.9377817232377863 -1000 2.680256009202224e-06 1.6422277352570913
0 西部各  2.640572113898689e-06 2.6608698261442343 -6.545439455153319 7.026218661630918e-06 1.0360919316867758
0 行培训  1.38315682156598e-06 2.501014486375938 -7.1969861514237685 3.4592952476662137e-06 1.0360919316867758
0 力为  5.281144227797378e-06 0.9628444450958706 -5.385473177551017 5.0849203834848266e-06 0.2151113796169455
0 市规划  3.3950212892983146e-06 3.767673725705465 -4.94756315291918 1.2791332509899951e-05 0.661398482245365
1 徐冠巨  1.508898350799251e-06 8.792040113576876 -1000 1.3266294827537007e-05 2.740840023925201
1 县政府  5.6583688154971905e-06 3.857915931505206 -1000 2.1829511199638854e-05 0.3429447511268304
0 势不  5.029661169330836e-06 2.3495512552555793 -6.120073128269288 1.1817446713911512e-05 0.3894647667617233
0 它有  1.7603814092657927e-06 1.6120318006405392 -1000 2.8377908129928656e-06 0.949080554697146
0 取得圆满成  2.514830584665418e-06 6.365237557909219 -4.454347296253507 1.600749408929112e-05 0.8690378470236095
0 影留念  1.8861229384990636e-06 7.999653180033114 -6.4157514094567345 1.5088329362897436e-05 0.8690378470236095
0 论坛将  1.257415292332709e-06 2.5947745801284303 -1000 3.2627092372096725e-06 1.6422277352570913
0 业会  1.38315682156598e-06 -1.2651066282084105 -1000 -1.7498408628147989e-06 1.236762627148927
0 作纲  2.1376059969656055e-06 4.427229385681719 -0.12516314295400605 9.463672084775596e-06 1.3545456628053103
0 动两  5.029661169330836e-06 1.8732720434292882 -3.7575759854001713 9.42192365642932e-06 0.2559333741372007
0 友好合作关系的  3.772245876998127e-06 2.548828955730213 -6.187442430349422 9.614809519426739e-06 0.661398482245365
0 与建  3.5207628185315854e-06 1.2412986573750424 -6.484205754108285 4.370318159579227e-06 0.4895482253187058
1 热带风暴  5.155402698564107e-06 8.502566543367648 -6.1691409782496915 4.3834154502398465e-05 1.1314021114911006
0 团今  6.035593403197004e-06 2.3688910052564585 -5.095876397592997 1.42976629242186e-05 0.2559333741372007
0 加强经济  1.257415292332709e-06 2.0508581220067654 -1000 2.5787803650160475e-06 1.3545456628053103
0 于15日  1.38315682156598e-06 3.5382093634416014 -1000 4.893898417172875e-06 1.3545456628053103
0 和贸  2.2633475261988764e-06 0.9511479623303251 -4.906427516318238 2.1527783875894435e-06 1.0360919316867758
0 任过  1.38315682156598e-06 1.4853614531743784 -4.556609995372714 2.0544878264492985e-06 1.1314021114911006
0 治经济新秩序  7.4187502247629834e-06 7.653559926539055 -0.34130316389087856 5.677984942524858e-05 0.8690378470236095
0 尼奥运会上取  2.0118644677323346e-06 5.417817083624043 -2.9799839165858515 1.0899913683216436e-05 0.7949298748698876
0 社耶路撒冷10月1  2.1376059969656055e-06 4.431186976447046 -6.017590851700202 9.472131854529096e-06 1.1314021114911006
0 年出口  2.0118644677323346e-06 1.8819925844982017 -1000 3.7863140092876756e-06 0.7949298748698876
0 州10月29日电  1.508898350799251e-06 5.421093405628052 -1000 8.179878899280863e-06 2.740840023925201
0 隆重纪  1.508898350799251e-06 5.953425560844354 -4.253245844807957 8.983114010364152e-06 1.1314021114911006
0 委员长姜春云  1.257415292332709e-06 7.401273011472116 -5.339459309879212 9.306473867354402e-06 1.3545456628053103
0 在实践中  2.1376059969656055e-06 4.798127955167412 -1000 1.0256507091174177e-05 0.8690378470236095
0 高新技术改造传统  1.6346398800325218e-06 6.79264990029739 -1000 1.1103536418125048e-05 1.3545456628053103
0 社广州10月2  6.035593403197004e-06 5.084006061565079 -4.979603184848527 3.068499344699577e-05 0.949080554697146
1 积极探索  3.6465043477648563e-06 6.641600577649159 -1000 2.421862538251524e-05 0.661398482245365
1 气象台  6.790042578596629e-06 6.6168757290784415 -3.7086661744341116 4.492886793772523e-05 0.5436154465889816
0 现中华民族  1.6346398800325218e-06 4.305254948115235 -6.404252316010809 7.037541431896509e-06 1.0360919316867758
0 重要的作  5.53262728626392e-06 4.208918429205718 -4.931592086755803 2.328637694708263e-05 0.1758906664636642
0 步推进  4.652436581631024e-06 5.041715454511249 -5.177224360709407 2.345626141474262e-05 0.2559333741372007
0 府主办  1.6346398800325218e-06 4.338715362027826 -6.428353781632197 7.0922371588804255e-06 0.8690378470236095
0 新华社安曼  1.7603814092657927e-06 6.12079698906944 -6.242362221892546 1.0774937229447882e-05 0.949080554697146
0 南部城市  1.7603814092657927e-06 5.653231627227421 -1000 9.951843858844559e-06 1.1314021114911006
0 00米自由泳  4.903919640097565e-06 5.047886070188847 -2.4512205921331938 2.4754427640574005e-05 1.0360919316867758
0 学专  6.4128179908968165e-06 2.8542177259609116 -5.743952404776815 1.8303578782978732e-05 0.3429447511268304
0 西等  2.8920551723652307e-06 1.1015695602268512 -1000 3.185799944374157e-06 0.4895482253187058
1 每周  2.2633475261988764e-06 3.664343644984465 -1000 8.293683124018163e-06 0.949080554697146
0 冲突爆发  2.8920551723652307e-06 6.145307878046617 -4.646216155424092 1.7772569434481517e-05 0.8690378470236095
0 总金  2.8920551723652307e-06 1.5588158985112772 -4.037697526557449 4.5081815820546935e-06 0.4895482253187058
0 持非洲国家  1.508898350799251e-06 4.20462173511621 -5.40042258948519 6.344346801851534e-06 2.0476928433652555
0 以上文  2.640572113898689e-06 3.6611575938278804 -1.5987139490711249 9.667550646850324e-06 1.1314021114911006
0 经过两年多  1.257415292332709e-06 6.13674489166304 -9.20237876230549 7.71643687192174e-06 1.0360919316867758
0 士兵的  2.0118644677323346e-06 2.344477903765371 -1000 4.716771789969137e-06 1.1314021114911006
0 年轻队  2.0118644677323346e-06 3.8922454577177383 -6.246227882177648 7.830670336074895e-06 0.8690378470236095
0 局委员  1.0059322338661672e-05 4.567370954490738 -0.6800835321534677 4.594465667146317e-05 0.1758906664636642
0 起一  6.287076461663546e-06 1.3893703491238671 -6.60934924316738 8.735077618509929e-06 0.2559333741372007
1 发表演讲  1.8861229384990636e-06 6.0807693569090455 -1000 1.146907856778835e-05 1.0360919316867758
0 在大连  2.3890890554321472e-06 2.9747857178262573 -1000 7.1070280007145754e-06 1.0360919316867758
0 部长项怀诚  1.38315682156598e-06 6.470788941549927 -1000 8.950115865418487e-06 1.236762627148927
1 火速  1.257415292332709e-06 3.4691606728152538 -1000 4.36217568155713e-06 1.236762627148927
0 将于今年1  2.2633475261988764e-06 4.937295610334898 -4.440059665924491 1.1174815805764063e-05 0.661398482245365
1 凝聚力  6.035593403197004e-06 6.214067178945223 -6.103304028863517 3.7505582872264805e-05 0.3894647667617233
0 安曼10月  1.7603814092657927e-06 6.18093926750527 -6.191193240583988 1.0880810578317203e-05 0.949080554697146
0 29年  1.508898350799251e-06 1.8838877410330315 -1000 2.8425951055356675e-06 1.0360919316867758
0 社雅加达10月  5.406885757030649e-06 6.5353762007771365 -5.0896040800628555 3.533603249681897e-05 0.29849298855599654
0 明显减  1.6346398800325218e-06 5.192860189343384 -1000 8.488456356933927e-06 1.0360919316867758
0 迈纳基  1.508898350799251e-06 7.321024351784671 -1000 1.1046681570569046e-05 1.824549292051046
0 第十届世界  1.508898350799251e-06 6.865267591304729 -0.587786664902119 1.0358990946315252e-05 1.488077055429833
0 赛作  1.257415292332709e-06 -0.3178805924779668 -1000 -3.9970791811757737e-07 1.3545456628053103
0 达上  1.508898350799251e-06 0.21826985428100673 -1000 3.293470231538039e-07 1.0360919316867758
0 出保护  1.38315682156598e-06 1.7723924691505113 -1000 2.4514967341977004e-06 1.824549292051046
0 性很强  1.38315682156598e-06 6.15545965092563 -1000 8.51396600605193e-06 1.0360919316867758
0 回升的  1.6346398800325218e-06 2.6182895540732125 -1000 4.279960522560641e-06 1.236762627148927
0 与建设  2.0118644677323346e-06 1.6264575575827196 -1000 3.2722121683753913e-06 0.7949298748698876
0 持下去  1.38315682156598e-06 5.5065892846171405 -1000 7.6164765325803275e-06 1.236762627148927
1 火炬接力  1.508898350799251e-06 6.937986018171922 -1000 1.0468715660687875e-05 1.824549292051046
0 济管理  3.3950212892983146e-06 2.806644982650517 -1.0885619528146082 9.528619467600804e-06 0.7949298748698876
0 终不  1.8861229384990636e-06 2.32627634890109 -4.7886022370660735 4.387643182950197e-06 0.949080554697146
0 得了令人  2.3890890554321472e-06 5.8333439067720825 -5.26241744923321 1.3936378084240987e-05 0.7949298748698876
0 些传  1.508898350799251e-06 2.6883786790390123 -1000 4.056490155125834e-06 1.0360919316867758
0 为突  4.526695052397753e-06 2.0432843391178777 -1.3341783599808765 9.24932510852671e-06 0.2559333741372007
0 员通过  1.38315682156598e-06 1.7626237858410596 -1000 2.4379851132405145e-06 1.1314021114911006
0 交部发言人朱邦  2.3890890554321472e-06 7.327062058009411 -0.2336148511815052 1.750500377126243e-05 1.236762627148927
0 面存  1.6346398800325218e-06 2.863222191368636 -6.68229132929134 4.680337179405282e-06 0.949080554697146
0 年9月1  2.8920551723652307e-06 3.326120078002257 -6.841571868340306 9.619322775494272e-06 0.661398482245365
0 际事务  6.790042578596629e-06 5.778197726784195 -2.1564025828159643 3.923420859241494e-05 0.4382549309311553
0 省广  1.257415292332709e-06 1.3267709743594476 -1000 1.668302112582738e-06 1.236762627148927
0 华通讯  1.257415292332709e-06 3.0829531121426803 -6.999422467507961 3.876552388752923e-06 1.3545456628053103
0 我国共  1.38315682156598e-06 1.9068878357064334 -1000 2.637524917918541e-06 1.1314021114911006
0 公平的  2.0118644677323346e-06 2.7746356244639068 -1000 5.582190823763252e-06 0.8690378470236095
0 里里  1.38315682156598e-06 1.3346069812794215 -1000 1.8459707502662118e-06 1.488077055429833
0 军入朝  2.76631364313196e-06 6.5608453000551235 -1.663075395837857 1.8149355864020684e-05 1.1314021114911006
0 各民族  4.275211993931211e-06 3.5471789852779976 -1000 1.5164942142481238e-05 0.6007738604289301
0 地维  1.38315682156598e-06 1.3327428816777158 -5.402587287723834 1.8433924081860343e-06 1.0360919316867758
0 村基  3.3950212892983146e-06 2.941993653441107 -1.7272209480904837 9.988131086413087e-06 1.0360919316867758
0 63计  1.38315682156598e-06 4.766381259989719 -5.237408613461045 6.59265275393903e-06 1.488077055429833
0 继续对  1.257415292332709e-06 1.884041002255295 -1000 2.3690219676176516e-06 1.0360919316867758
0 名副  4.275211993931211e-06 3.0655399629155586 -3.161386777862734 1.3105833217332037e-05 0.661398482245365
0 后继续  2.0118644677323346e-06 2.791884136268211 -1000 5.616892491783593e-06 0.949080554697146
0 确规定  4.7781781108642945e-06 5.4319551497289655 -4.868343839411141 2.5954849195631524e-05 0.4382549309311553
0 监督检查  2.76631364313196e-06 6.4613154920698745 -1000 1.7874025198292785e-05 0.661398482245365
0 静地  2.514830584665418e-06 4.017071982109839 -1000 1.0102255481412356e-05 0.6007738604289301
0 和标  2.2633475261988764e-06 0.5600992499835096 -4.921439715291785 1.2676992518760225e-06 1.0360919316867758
0 和社会主义  3.143538230831773e-06 2.824879480129725 -3.396557002105653 8.880116643279973e-06 0.6007738604289301
0 造中  1.8861229384990636e-06 0.3827485948593263 -1000 7.2191090444246e-07 1.236762627148927
0 分别会  4.023728935464669e-06 2.5117829901651736 -2.591449897694876 1.0106733897135578e-05 0.4895482253187058
1 对策  4.7781781108642945e-06 3.0132525323665766 -1000 1.439785729266038e-05 0.3894647667617233
0 99年的2  1.38315682156598e-06 4.235379704738043 -5.984165244626371 5.85819433053053e-06 1.0360919316867758
