1 大限度 4.777689697855132e-06 7.407208246487588 -4.888566773061323 3.5389342529111326e-05 0.4382549309311553
1 王妍 1.3830154388528013e-06 7.592366414266828 -1000 1.0500359968358506e-05 1.1314021114911006
1 星级 3.6461316115210215e-06 4.063142651304581 -1000 1.4814752863040968e-05 0.661398482245365
0 通过中 1.3830154388528013e-06 6.211110791571418 -1000 8.590062117168514e-06 1.236762627148927
0 新闻发布会上获 1.760201467630838e-06 10.86525909398962 -4.826371023052024 1.9125045003429837e-05 1.1314021114911006
0 范志 2.388844848927566e-06 4.033838321155715 -2.072840857648484 9.63621389489945e-06 0.949080554697146
0 个女 1.8859301438901835e-06 1.4616972824384478 -1000 2.756658966193032e-06 0.949080554697146
0 贸部部长石 2.388844848927566e-06 12.187188079154607 -1.198695747225092 2.911330146579992e-05 1.0360919316867758
0 奥会游泳 1.6344727913714924e-06 9.74710220924854 -4.588884444117306 1.5931373355733703e-05 1.3545456628053103
0 人联合会 2.388844848927566e-06 10.574120398669928 -1.818102142483476 2.5259933046302557e-05 0.8690378470236095
0 于11日 1.760201467630838e-06 4.603597928249926 -1000 8.103259829687805e-06 1.488077055429833
0 记者了 1.3830154388528013e-06 6.698223032832906 -5.722693438941899 9.263745867287342e-06 0.949080554697146
0 过国 5.532061755411205e-06 0.2863660452106128 -5.771932436505972 1.5841946467579872e-06 0.2151113796169455
0 是7 1.3830154388528013e-06 -0.1923339690163875 -1000 -2.6600084856550024e-07 1.1314021114911006
0 1的 2.7660308777056025e-06 -2.965697945201975 -1000 -8.20321209037672e-06 0.661398482245365
0 给一 1.760201467630838e-06 0.9025189351657451 -1000 1.5886151542433657e-06 0.949080554697146
0 区将 4.5262323453364405e-06 1.3208700024454867 -7.6785299452213716 5.978564529053385e-06 0.4895482253187058
0 育代表团 1.7602014676308378e-05 8.843238605678492 -0.7955815785483827 0.00015565881572324964 0.2559333741372007
0 项目建 4.023317640299058e-06 7.46581763902973 -6.073869715765524 3.003735580636418e-05 0.7949298748698876
0 人类社会的 1.3830154388528013e-06 8.004836964298795 -1000 1.1070813107124822e-05 1.3545456628053103
0 01星 1.2572867625934557e-06 5.4448696572439745 -1000 6.8457625440996156e-06 2.740840023925201
1 工业污染 2.1373874964088747e-06 9.367392897305987 -1000 2.0021748452651117e-05 1.1314021114911006
0 塔吉克斯坦 1.2572867625934557e-06 10.310920363155041 -1000 1.2963783682750141e-05 1.236762627148927
0 也同样 1.2572867625934557e-06 7.627484042544873 -1000 9.589934718584488e-06 1.1314021114911006
0 中国跳 3.268945582742985e-06 4.999691764870823 -0.6869295439490747 1.6343720309850956e-05 1.3545456628053103
0 总决 8.298092633116807e-06 3.139612239443299 -4.311872374750674 2.60527931949678e-05 0.4382549309311553
0 方面的投 1.5087441151121468e-06 6.801984343430092 -1000 1.0262453849235111e-05 1.1314021114911006
0 巴拉克政 1.3830154388528013e-06 9.016540592838338 -5.825731903007111 1.247001484493841e-05 1.6422277352570913
0 备状态 1.6344727913714924e-06 8.748686571734739 -1.75814285842907 1.429949016173757e-05 1.0360919316867758
0 江川 2.388844848927566e-06 3.804914999288849 -2.7949072451954766 9.0893515966584e-06 1.3545456628053103
0 6场 3.0174882302242937e-06 1.162578815747468 -5.807541708947054 3.5080678932260822e-06 0.6007738604289301
0 新华社青岛1 1.6344727913714924e-06 12.770509204958751 -6.316470194046268 2.087304982746427e-05 0.7949298748698876
0 出口的 7.166534546782697e-06 5.0262514288460824 -4.796336807133029 3.602080450564134e-05 0.13815033848081718
0 成都举行 1.8859301438901835e-06 6.177741166652775 -7.864688107539097 1.165078828734178e-05 1.1314021114911006
0 位上 6.789348518004661e-06 1.916864842920981 -2.277267285009756 1.3014263480500799e-05 0.2151113796169455
0 场特 1.3830154388528013e-06 0.589570978746192 -1000 8.153857659055404e-07 1.1314021114911006
0 科市 1.5087441151121468e-06 0.27816573316676324 -2.7777835391168852 4.1968091294120976e-07 1.6422277352570913
0 继续举行 1.6344727913714924e-06 8.187209088075049 -1000 1.3381770491728077e-05 1.236762627148927
0 以新的 1.2572867625934557e-06 3.508707022182462 -1000 4.411450892808712e-06 1.1314021114911006
0 中共中央关于制定国民经 4.4005036690770945e-06 12.01082113615914 -0.35277461396714926 5.2853662478297016e-05 0.661398482245365
1 香港代表 1.3830154388528013e-06 8.446646892041455 -6.00925981340893 1.1681843058231363e-05 1.824549292051046
0 以金正 1.2572867625934557e-06 7.1084136112008816 -7.509937824167989 8.937314336402011e-06 2.0476928433652555
0 事对 1.3830154388528013e-06 0.5397286973956762 -1000 7.464531212901319e-07 1.488077055429833
0 尔辛基10 1.8859301438901835e-06 12.210310496575461 0.0 2.3027792631750377e-05 0.949080554697146
0 以每小时 1.5087441151121468e-06 8.433937528632123 -1000 1.2724653613547199e-05 1.1314021114911006
0 目前这 5.65779043167055e-06 7.001008349917168 -7.0986286003527495 3.961023805420698e-05 0.3429447511268304
1 淮 2.099668893531071e-05 -1000 -2.6330871626287546 -1000 0.1758906664636642
0 天到 2.7660308777056025e-06 0.7359015547419848 -1000 2.0355264233678898e-06 0.661398482245365
0 席第 2.1373874964088747e-06 2.0967005811947073 -6.596262557836638 4.481461605958788e-06 1.0360919316867758
0 保护母亲河行 1.2572867625934557e-06 13.181089413733686 -6.811244378601293 1.6572409236448097e-05 1.824549292051046
0 控与 1.6344727913714924e-06 2.9298440958437983 -1.9122935382563284 4.788750457617099e-06 1.824549292051046
0 与奥 3.520402935261676e-06 1.927766815116855 -3.68987895444702 6.786515954437429e-06 0.4895482253187058
0 克列巴 1.8859301438901835e-06 7.571129337289025 -2.354544831924757 1.4278621040484682e-05 1.3545456628053103
1 瑶 4.903418374114477e-06 -1000 -5.108534156431948 -1000 0.7949298748698876
0 息化带动工业 2.011658820149529e-06 12.826917600013072 -0.7239188392266991 2.5803381925397528e-05 0.8690378470236095
0 约证 4.903418374114477e-06 4.518252244814369 -0.570544858467613 2.215488107610676e-05 0.3429447511268304
0 次强调 1.2572867625934557e-06 7.162723313428198 -1000 9.005597206092809e-06 1.3545456628053103
0 件发生后 1.2572867625934557e-06 11.58778088322947 -1000 1.4569163512317915e-05 1.0360919316867758
0 反导 2.011658820149529e-06 3.0462031443843838 -1000 6.127921423368075e-06 1.824549292051046
0 勃发展 3.771860287780367e-06 6.566921013717759 -1.4508328822574619 2.476950858463241e-05 0.4382549309311553
0 牌榜前 1.6344727913714924e-06 7.847503908348192 -6.706177505582488 1.2826531618376565e-05 1.6422277352570913
0 好成 1.785347202882707e-05 2.9796885044756958 -2.326413431833076 5.31977853692744e-05 0.06669137449867214
0 友好会见 2.640302201446257e-06 8.355980807380334 -0.7182208181120614 2.2062314520968968e-05 1.824549292051046
0 建设成 6.412162489226624e-06 6.7458926589505905 -7.206885174347344 4.325575986407222e-05 0.10178269430994238
0 近70 2.011658820149529e-06 5.03940454913581 -1000 1.0137562609570713e-05 0.8690378470236095
0 方面是 1.3830154388528013e-06 5.904042750224134 -1000 8.165382275206931e-06 1.1314021114911006
0 售出 2.5145735251869114e-06 2.5811974910437394 -1000 6.490610874257467e-06 1.1314021114911006
0 是应中 1.5087441151121468e-06 5.250197990224993 -1000 7.921205320925578e-06 1.1314021114911006
1 申办 4.7776896978551315e-05 6.625693591783152 -1.8552358979439119 0.0003165550801460713 -0.0317486983145803
0 部发言人朱邦 2.388844848927566e-06 12.22557796870625 -0.2336148511815052 2.920500895570626e-05 1.236762627148927
0 的几个 2.388844848927566e-06 4.941708101456211 -1000 1.180497394306729e-05 0.8690378470236095
0 彩的文 1.6344727913714924e-06 6.069740442682055 -6.759641893517919 9.920825604250977e-06 1.1314021114911006
0 色列右翼政党利库德 1.2572867625934557e-06 12.305620676379787 -1.8562979903656263 1.5471693981908633e-05 1.3545456628053103
0 等问题进 5.783519107929896e-06 9.152146869348707 -4.235294858866638 5.293161629745903e-05 0.13815033848081718
0 1年1月1日起 1.2572867625934557e-06 10.834168506919589 -1000 1.3621656647456904e-05 1.6422277352570913
0 郑州铁路局 1.2572867625934557e-06 11.296042010082074 -1000 1.4202364088975762e-05 1.824549292051046
1 股 0.00017337984456163754 -1000 -2.8596660253262804 -1000 -0.0317486983145803
0 1991 9.806836748228954e-06 6.580584195362759 -5.58663523683753 6.453471491189816e-05 0.1758906664636642
0 势和 1.2698596302193903e-05 2.4807209726626533 -3.51650822817315 3.1501674170228834e-05 0.03278982282299097
1 欧洲冠军杯 3.1432169064836392e-06 12.138224769802507 -6.900059072347666 3.815307331114172e-05 1.1314021114911006
0 德雷 3.520402935261676e-06 4.657613145108782 -0.9343092373768334 1.6396674987354323e-05 1.1314021114911006
0 投资方向 1.5087441151121468e-06 7.692427207622826 -1000 1.1605904280429503e-05 1.1314021114911006
0 12亿元 1.3830154388528013e-06 5.879230291790315 -1000 8.131066262117066e-06 1.236762627148927
0 会举 6.1607051367079325e-06 1.2449702313958764 -6.7528314109045064 7.66989449960904e-06 0.13815033848081718
0 由3 3.1432169064836392e-06 1.5426426111452916 -1000 4.848860336013947e-06 0.5436154465889816
0 他都 1.8859301438901835e-06 1.115656028642979 -1000 2.1040493346306043e-06 0.949080554697146
1 过于 5.029147050373823e-06 2.001157243925242 -1000 1.006411405062084e-05 0.29849298855599654
0 地区的局势 2.1373874964088747e-06 8.046075598143842 -1000 1.7197581378633205e-05 0.949080554697146
0 菜的 2.2631161726682203e-06 1.1007614135305899 -1000 2.4911509572102084e-06 0.949080554697146
0 进行谈判 1.5087441151121468e-06 9.300213137302377 -1000 1.4031641840193637e-05 1.0360919316867758
1 民俗文化 1.2572867625934557e-06 7.011339220953322 -1000 8.815263990556924e-06 1.236762627148927
0 沙地带和约旦河西岸 1.3830154388528013e-06 11.400503245103756 -6.844040660767563 1.5767071998669955e-05 1.3545456628053103
0 最广 3.6461316115210215e-06 2.336161318208418 -1.926276569177337 8.517951631932333e-06 0.6007738604289301
0 市场销 2.011658820149529e-06 6.370313206381461 -4.516888502770002 1.2814896748732293e-05 0.8690378470236095
1 商务 3.042633965476163e-05 4.681958365135857 -1.7247605317534398 0.00014245485546707606 0.03278982282299097
0 际委员会 1.6344727913714924e-06 8.883350595582394 -8.173792392259367 1.4519594844693165e-05 1.1314021114911006
1 中介机构 2.011658820149529e-06 8.168677920236174 -1000 1.6432592987203812e-05 1.236762627148927
0 人受伤 2.0368045554013983e-05 9.08212590565529 -3.9958806256233346 0.00018498515417367746 -0.0317486983145803
0 优惠政 1.4584526446084086e-05 8.123077104560325 -2.4870216139421792 0.0001184712328550402 -0.0317486983145803
0 签署了一 1.5087441151121468e-06 9.058265380189717 -6.1124380799974265 1.3666604585485328e-05 1.236762627148927
0 发展是硬道 1.2572867625934557e-06 12.22557796870625 -6.532770878127559 1.537105734510856e-05 1.236762627148927
0 塞尔维亚反对 2.1373874964088747e-06 10.976484729099845 -1.0986122886681096 2.346100121450096e-05 1.824549292051046
0 0人受 2.1373874964088747e-06 5.152507672924337 -3.819649685297131 1.1012905475259265e-05 0.949080554697146
1 朝鲜最高人民会议常任委员会委员 1.5087441151121468e-06 13.116550892596115 -1.1102230246251565e-16 1.9789518969773364e-05 1.3545456628053103
0 族和解 2.7660308777056025e-06 7.030951959964848 -6.258798957395425 1.9447830220927496e-05 1.1314021114911006
0 议召开 2.011658820149529e-06 6.319875579187466 -1000 1.271343345112008e-05 0.7949298748698876
0 养人 1.3830154388528013e-06 1.133792551594015 -1000 1.568052603310834e-06 1.1314021114911006
1 管理部 7.417991899301388e-06 7.666604181924252 -4.277976201526172 5.6870807716664246e-05 0.3429447511268304
0 的30 1.3201511007231285e-05 4.266947530117982 -5.9131202254616095 5.633015478613088e-05 -0.0317486983145803
0 10月2日电 1.5967541884936887e-05 6.593906775841751 -5.022753041553884 0.00010528848262862231 2.3353749158170367
0 好局面 1.3830154388528013e-06 6.966966281373376 -1000 9.635421929106269e-06 1.236762627148927
0 华社北京10月9日电 7.543720575560734e-06 8.485185158949932 -5.673895840906002 6.400986587101318e-05 2.740840023925201
0 要因 4.651961021595786e-06 2.3713317631883104 -3.1616847307556957 1.1031342931624028e-05 0.4382549309311553
0 总统举行 1.5087441151121468e-06 7.089779531655989 -1000 1.0696663145828525e-05 0.949080554697146
0 件园 2.640302201446257e-06 4.14838217782091 -3.1800359915519367 1.0952982596540965e-05 1.0360919316867758
0 理整顿 2.388844848927566e-06 9.202950185026351 -4.862014972619704 2.1984420144437187e-05 1.0360919316867758
0 牲的 4.5262323453364405e-06 2.7636880109156765 -1.1700712526502546 1.2509094067425065e-05 0.6007738604289301
0 开放式基金的 1.6344727913714924e-06 10.231535333900476 -1000 1.6723166117216366e-05 2.3353749158170367
0 董智永 1.760201467630838e-06 10.152567317356704 -6.393451390839822 1.787056389223215e-05 1.1314021114911006
1 释放 4.4005036690770945e-06 6.460187085679007 -1000 2.8428076973454933e-05 0.5436154465889816
1 多么 2.011658820149529e-06 3.0870476194771275 -1000 6.210086571942771e-06 1.0360919316867758
0 新体系 1.5087441151121468e-06 6.993190404068507 -1000 1.0550934867997096e-05 1.1314021114911006
0 最大的发 2.1373874964088747e-06 6.284177020676257 -3.2705718159403343 1.3431721389213406e-05 1.0360919316867758
0 和阿拉伯 2.5145735251869114e-06 8.367280362634267 -1000 2.1040141677696466e-05 0.949080554697146
0 电特写 4.023317640299058e-06 9.79556984479076 -6.346787014362308 3.9410688953328175e-05 0.2151113796169455
0 际旅游交易 1.5087441151121468e-06 11.88484133329858 -3.476013485557967 1.793118442065583e-05 1.6422277352570913
0 式新华 1.5087441151121468e-06 6.443430721922935 -6.817100910714006 9.721488182834041e-06 1.1314021114911006
0 加5 2.1373874964088747e-06 0.21048786193833907 -6.308452558118771 4.498941242528434e-07 0.949080554697146
0 制裁的 1.2572867625934557e-06 7.14490647293744 -1000 8.98319632839254e-06 1.488077055429833
0 1日将 1.6344727913714924e-06 4.0619290956193534 -1000 6.6391125872700465e-06 1.1314021114911006
0 人员发 1.6344727913714924e-06 5.140298948850492 -1000 8.401678771411612e-06 1.0360919316867758
0 高原直 2.5145735251869114e-06 6.792752122935745 -3.520460802488973 1.7080874651491414e-05 1.1314021114911006
0 也表示 3.3946742590023304e-06 7.369032155508004 -1000 2.5015463772063477e-05 0.4895482253187058
0 南合作的 2.1373874964088747e-06 8.250629733746122 -5.720697430295184 1.7634792830408243e-05 1.236762627148927
0 电综述 6.789348518004661e-06 9.250087165164565 -5.823538870597759 6.280206558622398e-05 0.1758906664636642
1 国际象棋节 1.2572867625934557e-06 11.378280108319046 -1000 1.4305760961269969e-05 2.0476928433652555
0 居民最低生活 1.3830154388528013e-06 12.757605800122844 -1.157452788691043 1.764396578436794e-05 1.488077055429833
0 一个重要原因 1.760201467630838e-06 8.88231499678434 -1000 1.5634663893299198e-05 1.1314021114911006
0 以市场 2.5145735251869114e-06 6.7110332201934355 -0.6620565934899141 1.6875386462148277e-05 0.7259370033829363
0 界青少年花样滑冰大奖赛第 1.2572867625934557e-06 12.79809716147758 -6.3531519078702505 1.609087814751064e-05 2.0476928433652555
0 健儿取 1.3830154388528013e-06 8.445475931720306 -6.467416359873479 1.168022360202893e-05 1.1314021114911006
0 德齐 1.2572867625934557e-06 3.4696501698403295 -2.9755295662364714 4.3623452293703815e-06 2.740840023925201
0 用最 1.8859301438901835e-06 1.232920285502577 -1000 2.325201531443001e-06 0.8690378470236095
0 我们两 1.6344727913714924e-06 6.763887993755481 -8.698520921194348 1.1055390889677645e-05 1.236762627148927
0 合作的典范 1.5087441151121468e-06 9.14508042852455 -1000 1.3797586278763684e-05 1.0360919316867758
0 安部部 1.8859301438901835e-06 4.782920027409966 -6.407099983870224 9.020253055508517e-06 1.1314021114911006
0 本条例第 1.2572867625934557e-06 12.00963980111331 -1000 1.5099561145455268e-05 2.3353749158170367
0 全国打假 1.5087441151121468e-06 9.08120467113597 -6.033949158714137 1.3701214105705333e-05 2.0476928433652555
0 成绩公报和奖牌统计新华社悉尼 1.2572867625934557e-06 12.528764227693996 -2.8848007128467095 1.5752249415134082e-05 2.740840023925201
0 别比 5.406333079151859e-06 2.948621182241665 -4.805004167866677 1.5941228235440975e-05 0.29849298855599654
0 藏昌都 6.915077194264006e-06 7.460122114323385 -0.916290731874155 5.1587320299182216e-05 0.8690378470236095
0 保险基 1.6344727913714924e-06 7.009999248302659 -6.181448976647506 1.1457653038885311e-05 1.488077055429833
0 进技 6.789348518004661e-06 1.7113730494151012 -4.446416423751984 1.1619108076799534e-05 0.13815033848081718
0 进行了亲切友好的交谈 1.3830154388528013e-06 12.487942233173742 -1000 1.7271016907981215e-05 1.3545456628053103
0 密切联系 1.2572867625934557e-06 9.333782723025232 -1000 1.1735241462583123e-05 1.236762627148927
0 学校长 4.903418374114477e-06 5.924195207699605 -6.562070145418873 2.9048807633275172e-05 0.5436154465889816
1 案例 1.5087441151121468e-06 4.418234779128281 -1000 6.66598572219361e-06 1.236762627148927
1 借款 2.1373874964088747e-06 5.724267916000255 -1000 1.2234978669753433e-05 1.1314021114911006
1 熟的 3.897588964039712e-06 2.3087746273935306 -6.638008442745738 8.998654508183924e-06 0.4382549309311553
0 鲁吉 4.777689697855132e-06 5.66907377293375 -4.184457848459233 2.70850753613263e-05 1.0360919316867758
0 万亿 6.53789116548597e-06 3.2910318981863322 -3.0596455992976437 2.1516408372484942e-05 0.4382549309311553
0 队在上 1.3830154388528013e-06 3.528199144091297 -1000 4.879553887625503e-06 1.1314021114911006
0 就好 1.5087441151121468e-06 1.5659630193453675 -1000 2.3626374899205723e-06 1.1314021114911006
0 理马 1.5087441151121468e-06 1.7058827769774265 -1000 2.5737406008358592e-06 1.1314021114911006
0 英雄主义精 4.903418374114477e-06 10.622074791791965 -2.169132842469204 5.208447670529093e-05 0.4382549309311553
0 学法用 1.2572867625934557e-06 6.3009109025217835 -6.569060574507825 7.922051870021422e-06 2.0476928433652555
0 子乒乓球赛 3.771860287780367e-06 11.747593451129502 -0.4700036292457356 4.431028121530408e-05 1.6422277352570913
0 从1991 1.2572867625934557e-06 7.843551334032369 -1000 9.861593264001137e-06 1.1314021114911006
0 比赛共 3.3946742590023304e-06 6.5791516817613624 -1000 2.233407686014719e-05 0.5436154465889816
1 免征 1.3830154388528013e-06 5.80679103168026 -1000 8.030881647005786e-06 1.3545456628053103
0 营方 2.1373874964088747e-06 2.1330112008833835 -5.94239830316537 4.559071470468222e-06 0.8690378470236095
1 赢了 2.891759553964948e-06 2.931176218886259 -1000 8.476256835319192e-06 0.7259370033829363
0 纽约联合国 1.2572867625934557e-06 10.108396099043567 -2.587764035227708 1.2709152606378804e-05 1.488077055429833
0 社波哥 1.3830154388528013e-06 8.863520495381366 0.0 1.2258385687700658e-05 0.949080554697146
0 质小麦 3.268945582742985e-06 9.925560271217451 -0.1670540846631662 3.244611640484555e-05 1.824549292051046
0 俄罗斯和挪威 1.2572867625934557e-06 9.715978706327878 -1000 1.2215771413105929e-05 1.3545456628053103
1 拉齐奥 2.5145735251869114e-06 7.0850771812249045 -1000 1.7815947503814054e-05 1.6422277352570913
0 的对外 6.034976460448587e-06 5.64499217755772 -4.726382238886357 3.406739491097725e-05 0.1758906664636642
0 间建立 1.760201467630838e-06 7.091288965904843 -6.285736429238819 1.2482097245180072e-05 1.0360919316867758
0 华社呼和浩特10 9.555379395710263e-06 11.558406274549565 -5.022927851134074 0.00011044495716307914 0.1758906664636642
0 集型 2.891759553964948e-06 3.656436680609876 -0.7306302738146858 1.057353570462149e-05 0.8690378470236095
0 易所市场价格指数和 2.011658820149529e-06 12.844617177112474 -0.2231435513142097 2.5838987435782455e-05 0.6007738604289301
0 要途径 1.8859301438901835e-06 9.571974928088613 -4.896975975623734 1.805207605344339e-05 0.949080554697146
0 会议提 1.760201467630838e-06 5.691469733791687 -1000 1.0018133378396621e-05 1.1314021114911006
0 前三个季度 2.388844848927566e-06 9.886943385096487 -5.8685708178263996 2.3618373777126214e-05 1.0360919316867758
0 为中非 3.897588964039712e-06 5.018059423171928 -1000 1.955833302865039e-05 0.949080554697146
0 村居民 1.8859301438901835e-06 6.539298204082156 -5.850860583665896 1.233265960296548e-05 1.3545456628053103
0 重点城市空气质量状 2.5145735251869114e-06 11.684446995444931 0.0 2.9381401071195575e-05 0.3894647667617233
1 做的努力 1.2572867625934557e-06 7.090684918770801 -5.949600343009283 8.91502428609158e-06 1.3545456628053103
1 水上摩托 1.760201467630838e-06 9.25582118155552 -1000 1.6292110027902624e-05 2.0476928433652555
0 互惠互 2.2631161726682203e-06 8.72907040723977 -6.066116118395448 1.975490041098389e-05 0.661398482245365
0 同期增长3 1.8859301438901835e-06 8.75834745689551 -3.6026191098295293 1.6517631479623174e-05 1.0360919316867758
1 看着 4.4005036690770945e-06 3.8023089436958504 -1000 1.6732074457698242e-05 0.3894647667617233
0 自江苏 1.2572867625934557e-06 8.603016395629963 -6.894872653151123 1.0816458632600017e-05 1.3545456628053103
0 及沙姆沙 3.520402935261676e-06 10.983864836397467 -1.1013633220399996 3.866763001057115e-05 0.6007738604289301
1 罚款 7.66944925182008e-06 7.1552181602306435 -3.289893312103481 5.487658256559036e-05 0.29849298855599654
1 煤 3.7341416849025635e-05 -1000 -1.8127632838614416 -1000 0.0
0 经济作 3.6461316115210215e-06 6.584671580135016 -4.938574865319803 2.4008579199814356e-05 0.661398482245365
0 这个公司 1.5087441151121468e-06 7.600877523665526 -1000 1.146777923351855e-05 1.236762627148927
0 进一步增强 2.5145735251869114e-06 8.656406478658282 -1000 2.1767170554490575e-05 0.661398482245365
0 款将 1.2572867625934557e-06 2.0654747934278586 -1000 2.596894116247299e-06 1.1314021114911006
0 予了高 1.8859301438901835e-06 7.5448722585732515 -2.497227134176041 1.4229102024244107e-05 0.949080554697146
0 明强调 1.6344727913714924e-06 7.596937834822349 -4.591227280019079 1.2416988188757786e-05 1.0360919316867758
0 逐中 1.2572867625934557e-06 1.1919670375422668 -3.9357395320454622 1.4986443777496287e-06 1.1314021114911006
0 集团领导人沙龙 8.046635280598116e-06 11.519691762368875 -0.5506471179526623 9.26947581566929e-05 0.1758906664636642
0 8年来 1.8859301438901835e-06 2.6699079993034625 -1000 5.035259977299931e-06 0.949080554697146
0 市医 1.760201467630838e-06 1.5342832838082845 -1000 2.700647687920804e-06 1.1314021114911006
0 中越边 1.3830154388528013e-06 6.518537404130491 -5.496184134677454 9.015237868651931e-06 1.824549292051046
0 万中 1.2572867625934557e-06 -0.6849374368304173 -1000 -8.61162772531575e-07 1.236762627148927
0 祝中华人民共和国成立 2.5145735251869114e-06 12.359842230546425 -1.0651363594717203 3.107973204841918e-05 1.6422277352570913
0 的父亲 3.0174882302242937e-06 8.623884732040471 -1000 2.6022470677743108e-05 0.661398482245365
1 非公有制经济 4.274774992817749e-06 11.670497335936219 -1000 4.988875016540631e-05 1.236762627148927
0 基础电信 1.3830154388528013e-06 7.659095304709782 -3.7398317812878634 1.0592647054058628e-05 2.3353749158170367
0 一步深 4.023317640299058e-06 5.463886498495444 -5.751862564673643 2.1982950933988573e-05 0.4895482253187058
0 前世界排名 2.1373874964088747e-06 10.43633549048735 -5.969760112522206 2.230649298569584e-05 0.7949298748698876
0 在西部大开发中 2.5145735251869114e-06 11.156456108548845 -1000 2.8053729165466722e-05 0.949080554697146
0 洛美 1.6344727913714924e-06 3.4025629049168713 -1000 5.561396489016572e-06 0.949080554697146
0 来购 1.3830154388528013e-06 2.257623575923243 -1000 3.1223282606199144e-06 1.236762627148927
0 委会组 5.029147050373823e-06 6.120441388648407 -1.1270117631898076 3.0780599756707e-05 1.1314021114911006
0 中获 1.2447138949675211e-05 2.231201239936704 -4.717509066205871 2.777207185817977e-05 0.0
0 比现 1.3830154388528013e-06 0.5511737747329041 -1000 7.622818399463824e-07 1.236762627148927
0 然林资源 2.011658820149529e-06 8.264520628676499 -1.0438873889788631 1.662539581698481e-05 1.488077055429833
1 金牌总数 2.7660308777056025e-06 7.810451385606024 -1000 2.160394970140477e-05 1.1314021114911006
0 以实际 1.760201467630838e-06 5.923593175415747 -4.076124016108572 1.0426717401014814e-05 1.1314021114911006
0 于以色列 2.2631161726682203e-06 8.036139083524404 -1000 1.8186716325735248e-05 0.7949298748698876
0 0多个国家的 2.2631161726682203e-06 7.6874337254095915 -1000 1.7397555590289554e-05 0.661398482245365
0 境卫 2.5145735251869114e-06 3.7348277413649877 -4.794550107149492 9.391498959570027e-06 0.949080554697146
0 开赛新 2.5145735251869114e-06 5.04909410518942 -5.937104885420356 1.2696318363086614e-05 0.8690378470236095
0 面广 2.2631161726682203e-06 1.7043789022601856 -1000 3.8572074580595335e-06 0.7259370033829363
1 厂商 6.663619841745315e-06 4.798102056162808 -1000 3.197272806416548e-05 0.4382549309311553
0 资源开 1.1567038215859792e-05 7.046164667271175 -2.910080516080401 8.150325598156668e-05 0.13815033848081718
1 目击者 1.5087441151121468e-06 7.006123450583938 -1000 1.0570447525817725e-05 1.1314021114911006
0 提供了更 1.5087441151121468e-06 7.342776046119879 -1000 1.1078370148169805e-05 1.1314021114911006
0 失面 1.5087441151121468e-06 2.6214616237667325 -1.625967214385311 3.95511479785039e-06 1.6422277352570913
0 峡两岸妇女发展交流研讨 2.1373874964088747e-06 13.05592627077968 -5.826693949559196 2.790557356520064e-05 1.824549292051046
0 队联 2.011658820149529e-06 1.0039203135061165 -0.44183275227903934 2.01954515339186e-06 1.3545456628053103
0 可以利 2.1373874964088747e-06 6.95484729297522 -6.004903253591604 1.4865203643438346e-05 0.8690378470236095
0 媒体上 1.3830154388528013e-06 7.998284934307494 -1000 1.1061751548491029e-05 1.3545456628053103
1 尾 1.936221614393922e-05 -1000 -2.203739258357413 -1000 0.0
0 记者董智 1.5087441151121468e-06 9.35923427692895 -3.864232341591798 1.4120689637272441e-05 1.1314021114911006
0 员介 3.520402935261676e-06 2.962594929273203 -3.857717660570604 1.0429527885004741e-05 0.5436154465889816
1 相遇 3.268945582742985e-06 4.679328536436298 -1000 1.5296470349386633e-05 0.5436154465889816
0 开放以 1.0435480129525682e-05 6.568533548370459 -2.7812318183958014 6.854580132414274e-05 0.03278982282299097
0 法和法 1.5087441151121468e-06 5.048053300868519 -2.6149597780361984 7.6162207104578255e-06 1.236762627148927
0 使阿 2.011658820149529e-06 2.422873550110865 -4.398420444449558 4.873994947187524e-06 1.0360919316867758
1 外汇 2.0368045554013983e-05 5.735768011802792 -2.043073897508961 0.00011682638415165548 0.06669137449867214
0 本届奥 1.4584526446084086e-05 6.228149806988921 -3.086196580166384 9.083461557020342e-05 0.6007738604289301
0 主地 1.760201467630838e-06 -0.03928747319728209 -1000 -6.915386798136314e-08 1.236762627148927
0 突尼斯10 2.1373874964088747e-06 9.68256368811097 -5.99703722614303 2.0695390560150983e-05 0.6007738604289301
0 上广 1.2572867625934557e-06 0.15068703889429927 -1000 1.8945681929620767e-07 1.236762627148927
0 督工作 1.760201467630838e-06 6.407927315363277 -4.492641180851653 1.1279243064974176e-05 1.0360919316867758
0 1978年 4.274774992817749e-06 7.507079097411156 -1000 3.209107399471805e-05 0.4895482253187058
0 逐渐成 1.8859301438901835e-06 8.738281306799946 -7.142746733231113 1.6479788122286124e-05 1.0360919316867758
0 矛盾和问 1.760201467630838e-06 10.730084315621367 -5.68236425728262 1.8887110160159366e-05 1.236762627148927
1 文化局 2.2631161726682203e-06 7.157767377932716 -7.1615164157711435 1.619885911319653e-05 0.6007738604289301
1 完美 3.0174882302242937e-06 2.6325425914446683 -1000 7.943666285248449e-06 0.5436154465889816
0 赛不 1.6344727913714924e-06 -0.028496251750297685 -1000 -4.6576348141933835e-08 1.0360919316867758
0 任国 7.92090660433877e-06 1.1401828335076336 -1.1474024528375415 9.031281736084309e-06 0.3894647667617233
1 特色产业 1.5087441151121468e-06 6.781995435688163 -1000 1.0232295702311956e-05 1.1314021114911006
1 博物院 3.520402935261676e-06 8.951825533612215 -1000 3.151403288447886e-05 1.236762627148927
1 药品价格 1.6344727913714924e-06 8.067095606650277 -1000 1.318544827446238e-05 1.3545456628053103
0 的发展道 2.011658820149529e-06 7.902592174634957 -5.447006731937299 1.589731925014906e-05 0.949080554697146
0 她表示 1.5087441151121468e-06 7.630738741556524 -1000 1.1512832170281675e-05 1.0360919316867758
0 加达10月 5.532061755411205e-06 7.007720063328092 -0.3222324130775557 3.8767140154965125e-05 0.29849298855599654
0 们又 3.3946742590023304e-06 3.036686404448871 -7.552562607190204 1.0308561169844922e-05 0.6007738604289301
0 法特和 5.154875726633168e-06 6.276718717784826 -2.489796635082192 3.235570496121306e-05 0.7259370033829363
0 到如 1.5087441151121468e-06 1.3651433650375617 -1000 2.0596520182848146e-06 1.0360919316867758
0 1950年10月 2.891759553964948e-06 9.225507293553662 -8.446511659102729 2.6677948856307113e-05 0.661398482245365
0 户家 1.6344727913714924e-06 1.7962323129169167 -1000 2.9358928424449847e-06 1.1314021114911006
0 人民检察院检察长韩杼滨 1.6344727913714924e-06 13.250082285220637 -3.669461368256835 2.1656898978626536e-05 1.1314021114911006
0 平也 1.760201467630838e-06 1.380514448270709 -1000 2.4299835579316786e-06 1.0360919316867758
0 销的 2.388844848927566e-06 0.1810554675133482 -1000 4.325134209394341e-07 0.7259370033829363
0 自治区的 6.2864338129672785e-06 7.136084099697674 -3.7313529766726647 4.486052037651762e-05 0.2151113796169455
0 间组 3.771860287780367e-06 2.2171945084258393 -1.2809338454620642 8.362947916616136e-06 1.1314021114911006
0 本届公 1.760201467630838e-06 7.119299549904975 -3.0376964726530233 1.2531401516246301e-05 1.1314021114911006
1 一战 4.149046316558403e-06 0.7998758124844184 -1000 3.3187217934926363e-06 0.4895482253187058
0 的友好合作关系 8.675278661894845e-06 9.687748917463907 -6.224640934122567 8.404392146546951e-05 0.2151113796169455
1 制冷 2.388844848927566e-06 4.0255602434162725 -1000 9.616438851532561e-06 1.488077055429833
0 家级高 1.5087441151121468e-06 6.3781762662751325 -4.182869944042945 9.623035906890572e-06 1.3545456628053103
0 吁巴以双 1.2572867625934557e-06 10.265483184658981 -4.254193263163996 1.2906656119697447e-05 1.236762627148927
0 日本选手 1.5087441151121468e-06 7.5918452445689795 -1000 1.1454151835585585e-05 1.236762627148927
1 拳王 1.3830154388528013e-06 4.741659912763096 -1000 6.557788865140788e-06 1.488077055429833
1 全部实现 1.2572867625934557e-06 6.735538920852344 -1000 8.468503924120662e-06 1.3545456628053103
0 过8 2.891759553964948e-06 1.4023007958290874 -4.792977967972825 4.055116723871413e-06 0.6007738604289301
1 主席台 2.011658820149529e-06 6.832766606157141 -1000 1.3745195209299176e-05 1.3545456628053103
0 限责任公 5.029147050373823e-06 12.126777383962157 -4.519339929382898 6.0987346711093264e-05 0.4895482253187058
0 技术专 2.640302201446257e-06 6.952296680319538 -7.870272892622559 1.835616423015518e-05 0.7259370033829363
0 游部 3.897588964039712e-06 1.9924552471997228 -4.0943445622221 7.765771582828656e-06 0.5436154465889816
1 司法 3.470111464757938e-05 4.429675429554342 -3.1655101118694153 0.00015371467493253065 0.0
0 们开 1.5087441151121468e-06 0.32674575276042284 -1000 4.929757316151765e-07 1.1314021114911006
0 这几天 2.7660308777056025e-06 5.853798781463007 -1000 1.6191788181402108e-05 0.6007738604289301
0 行的九届全国 1.5087441151121468e-06 10.13921598418184 -1.3862943611198908 1.5297482447985366e-05 2.0476928433652555
0 华社布宜诺斯艾利斯 2.2631161726682203e-06 12.844617177112474 -5.9910477936116395 2.906886086525526e-05 0.661398482245365
1 风情 1.0435480129525682e-05 4.77865732259935 -5.4386720186115936 4.986758353579791e-05 0.06669137449867214
0 论在 2.388844848927566e-06 0.9112551112467927 -5.796434479010633 2.1768470785608167e-06 0.6007738604289301
1 库奇马 2.5145735251869114e-06 9.060427543194212 -1000 2.2783111226990456e-05 1.3545456628053103
0 了欢迎 2.2631161726682203e-06 8.614660056062025 -1000 1.9495976494912886e-05 0.949080554697146
0 个国 6.877358591386202e-05 2.0738356815076986 -1.5939019718738767 0.0001426251164134023 -0.0317486983145803
0 今天在第 1.6344727913714924e-06 6.8308393310405 -2.086646925401106 1.1164821028815943e-05 1.3545456628053103
0 工程设 1.6344727913714924e-06 6.434249524061372 -6.2763238894028435 1.0516605779973288e-05 1.3545456628053103
0 的旋律 1.2572867625934557e-06 8.657924972026457 -1000 1.088549445885618e-05 1.3545456628053103
1 参观访问 5.029147050373823e-06 7.5529887987152335 -1000 3.798509133856524e-05 0.4895482253187058
0 均告 2.640302201446257e-06 4.2718163832162634 -0.49507726679785163 1.1278886200780088e-05 0.3894647667617233
0 八届世界青年 1.5087441151121468e-06 11.952423996817378 -0.34830669426821587 1.8033149366523424e-05 1.488077055429833
1 吸收 1.7099099971270998e-05 6.121684057818883 -5.5257593586224605 0.00010467528769718099 0.0
0 在台湾问题上 2.7660308777056025e-06 11.912862219540736 -1.1657515915057381 3.295134474110218e-05 0.5436154465889816
0 声援巴 3.268945582742985e-06 8.695222649372434 -3.309981373390494 2.8424209670632772e-05 0.8690378470236095
0 自来 5.029147050373823e-06 1.627505807666442 -5.118068167875245 8.184966032091953e-06 0.4382549309311553
0 们也 7.92090660433877e-06 2.77114819321629 -6.154305065794096 2.195000602524836e-05 0.2559333741372007
0 为确保 3.771860287780367e-06 7.335421648737287 -1000 2.766818561099656e-05 0.4895482253187058
1 邓朴方 2.011658820149529e-06 10.84571449791665 -1000 2.181787723055765e-05 1.488077055429833
0 作的开展 1.2572867625934557e-06 6.4173892797467955 -6.944665633002234 8.068498591834797e-06 1.1314021114911006
0 装备和 1.5087441151121468e-06 7.243846420792344 -1000 1.0929110658146637e-05 1.236762627148927
0 委会主席 9.806836748228954e-06 7.718924940277058 -2.319520761357892 7.569823676113004e-05 0.3894647667617233
0 高速铁 2.5145735251869114e-06 6.6974419431314205 -5.223863180623089 1.6841210196674655e-05 1.236762627148927
0 体系建 3.0174882302242937e-06 6.974709518766531 -5.60424408690229 2.1046103882111353e-05 0.7259370033829363
0 系中 4.4005036690770945e-06 0.6891678034389 -6.557844112641169 3.0326854476426816e-06 0.4895482253187058
0 现良好 1.8859301438901835e-06 7.3165495601993715 -1000 1.379850136484646e-05 1.0360919316867758
0 大努力 3.1432169064836392e-06 6.938088240810277 -1.0216512475319814 2.1807916257190193e-05 0.5436154465889816
0 充分发 1.4835983798602776e-05 8.933272367708966 -2.195398222356206 0.0001325338841158361 0.1758906664636642
0 的矿产 1.3830154388528013e-06 5.792120841932466 -1000 8.010592548093686e-06 1.6422277352570913
0 西部各 2.640302201446257e-06 6.478263621454717 -6.545439455153319 1.7104573701276092e-05 1.0360919316867758
0 行培训 1.3830154388528013e-06 8.75287339659043 -7.1969861514237685 1.2105359041808524e-05 1.0360919316867758
0 力为 5.280604402892514e-06 0.9629466677342253 -5.385473177551017 5.084940413388025e-06 0.2151113796169455
0 市规划 3.3946742590023304e-06 7.938754681936587 -4.94756315291918 2.6949486167304364e-05 0.661398482245365
1 徐冠巨 1.5087441151121468e-06 9.813793583747213 -1000 1.4806503316403953e-05 2.740840023925201
1 县政府 5.65779043167055e-06 7.665512439030414 -1000 4.336986293139786e-05 0.3429447511268304
0 势不 5.029147050373823e-06 2.3496534778939338 -6.120073128269288 1.181675285775087e-05 0.3894647667617233
0 它有 1.760201467630838e-06 1.6121340232788939 -1000 2.8376806737931164e-06 0.949080554697146
0 取得圆满成 2.5145735251869114e-06 11.797298182831915 -4.454347296253507 2.9665173679284792e-05 0.8690378470236095
0 影留念 1.8859301438901835e-06 9.15098712023994 -6.4157514094567345 1.7258122456411327e-05 0.8690378470236095
0 论坛将 1.2572867625934557e-06 8.253352753440312 -1000 1.0376831163914753e-05 1.6422277352570913
0 业会 1.3830154388528013e-06 -1.2650044055700558 -1000 -1.7495206231201977e-06 1.236762627148927
0 作纲 2.1373874964088747e-06 4.427331608320074 -0.12516314295400605 9.46292322207912e-06 1.3545456628053103
0 动两 5.029147050373823e-06 1.873374266067643 -3.7575759854001713 9.421474664440311e-06 0.2559333741372007
0 友好合作关系的 3.771860287780367e-06 9.995655476088118 -6.187442430349423 3.770221594059113e-05 0.661398482245365
0 与建 3.520402935261676e-06 1.241400880013397 -6.484205754108285 4.37023130183559e-06 0.4895482253187058
1 热带风暴 5.154875726633168e-06 10.255570268071876 -6.1691409782496915 5.286619023766453e-05 1.1314021114911006
0 团今 6.034976460448587e-06 2.3689932278948134 -5.095876397592997 1.4296818365307315e-05 0.2559333741372007
0 加强经济 1.2572867625934557e-06 6.8156504256089105 -1000 8.569227058582535e-06 1.3545456628053103
0 于15日 1.3830154388528013e-06 5.835454640856974 -1000 8.070523861030424e-06 1.3545456628053103
0 和贸 2.2631161726682203e-06 0.9512501849686796 -4.906427516318238 2.1527896778562547e-06 1.0360919316867758
0 任过 1.3830154388528013e-06 1.4854636758127329 -4.556609995372714 2.054419197504042e-06 1.1314021114911006
0 治经济新秩序 7.417991899301388e-06 11.47152499820226 -0.3413031638908784 8.509567950929773e-05 0.8690378470236095
0 尼奥运会上取 2.011658820149529e-06 8.553301937880187 -2.979983916585852 1.7206325284738738e-05 0.7949298748698876
0 社耶路撒冷10月1 2.1373874964088747e-06 12.017938603928005 -6.017590851700202 2.5686991704645247e-05 1.1314021114911006
0 年出口 2.011658820149529e-06 6.35519516123187 -1000 1.27844843998637e-05 0.7949298748698876
0 州10月29日电 1.5087441151121468e-06 7.260017526883801 -1000 1.0953508719296977e-05 2.740840023925201
0 隆重纪 1.5087441151121468e-06 9.967561195192081 -4.253245844807957 1.5038499295266248e-05 1.1314021114911006
0 委员长姜春云 1.2572867625934557e-06 12.556935104660692 -5.339459309879212 1.5787668285834958e-05 1.3545456628053103
0 在实践中 2.1373874964088747e-06 10.499799320495155 -1000 2.2442139782428745e-05 0.8690378470236095
0 高新技术改造传统 1.6344727913714924e-06 12.26788034839694 -1000 2.0051516637255822e-05 1.3545456628053103
0 社广州10月2 6.034976460448587e-06 9.972263924718987 -4.979603184848528 6.0182378043059735e-05 0.949080554697146
1 积极探索 3.6461316115210215e-06 9.227593591133541 -1000 3.364502069090079e-05 0.661398482245365
1 气象台 6.789348518004661e-06 8.23138434370103 -3.7086661744341116 5.588573709503336e-05 0.5436154465889816
0 现中华民族 1.6344727913714924e-06 9.05345887387812 -6.404252316010809 1.4797632197154577e-05 1.0360919316867758
0 重要的作 5.532061755411205e-06 6.925083486615566 -4.931592086755803 3.830998950933566e-05 0.1758906664636642
0 步推进 4.651961021595786e-06 5.574007885817592 -5.177224360709407 2.593006741889097e-05 0.2559333741372007
0 府主办 1.6344727913714924e-06 6.822429812579292 -6.428353781632197 1.1151075899702564e-05 0.8690378470236095
0 新华社安曼 1.760201467630838e-06 9.536012582278143 -6.242362221892546 1.6785303342672124e-05 0.949080554697146
0 南部城市 1.760201467630838e-06 6.419103370550893 -1000 1.129891517371774e-05 1.1314021114911006
0 00米自由泳 4.903418374114477e-06 11.730256531476225 -2.4512205921331938 5.7518355409516874e-05 1.0360919316867758
0 学专 6.412162489226624e-06 2.854319948599266 -5.743952404776814 1.8302363306659478e-05 0.3429447511268304
0 西等 2.891759553964948e-06 1.1016717828652058 -1000 3.1857699034340568e-06 0.4895482253187058
1 每周 2.2631161726682203e-06 3.66444586762282 -1000 8.293066706884432e-06 0.949080554697146
0 冲突爆发 2.891759553964948e-06 8.571927206476058 -4.646216155424092 2.478795239521921e-05 0.8690378470236095
0 总金 2.891759553964948e-06 1.558918121149632 -4.037697526557449 4.508016370683534e-06 0.4895482253187058
0 持非洲国家 1.5087441151121468e-06 9.376651618985479 -5.40042258948519 1.4146967949601126e-05 2.0476928433652555
0 以上文 2.640302201446257e-06 6.314116447519453 -1.5987139490711246 1.6671175556573632e-05 1.1314021114911006
0 经过两年多 1.2572867625934557e-06 9.926074542249612 -9.20237876230549 1.2479922126486333e-05 1.0360919316867758
0 士兵的 2.011658820149529e-06 6.793158458981241 -1000 1.3665517130682996e-05 1.1314021114911006
0 年轻队 2.011658820149529e-06 6.024236977615337 -6.246227882177648 1.2118709450690835e-05 0.8690378470236095
0 局委员 1.0058294100747646e-05 6.857900490419911 -0.680083532153468 6.897878004630498e-05 0.1758906664636642
0 起一 6.2864338129672785e-06 1.3894725717622216 -6.60934924316738 8.734827357316633e-06 0.2559333741372007
1 发表演讲 1.8859301438901835e-06 9.004721201218198 -1000 1.698227515070442e-05 1.0360919316867758
0 在大连 2.388844848927566e-06 6.128933084114874 -1000 1.4641070227409557e-05 1.0360919316867758
0 部长项怀诚 1.3830154388528013e-06 12.998767856939732 -1000 1.797749663221119e-05 1.236762627148927
1 火速 1.2572867625934557e-06 3.469262895453609 -1000 4.361858314410467e-06 1.236762627148927
0 将于今年1 2.2631161726682203e-06 8.593404542086615 -4.440059665924491 1.944787279747676e-05 0.661398482245365
1 凝聚力 6.034976460448587e-06 10.724353640912382 -6.103304028863517 6.472122177643232e-05 0.3894647667617233
0 安曼10月 1.760201467630838e-06 7.521607197974065 -6.191193240583988 1.3239544028816625e-05 0.949080554697146
0 29年 1.5087441151121468e-06 2.1039151693724962 -1000 3.1742696304859292e-06 1.0360919316867758
0 社雅加达10月 5.406333079151859e-06 11.805707086064778 -5.0896040800628555 6.382558474216951e-05 0.29849298855599654
0 明显减 1.6344727913714924e-06 7.3832096156983695 -1000 1.2067655229851359e-05 1.0360919316867758
0 迈纳基 1.5087441151121468e-06 10.178712597461027 -1000 1.53570727308372e-05 1.824549292051046
0 第十届世界 1.5087441151121468e-06 7.3703477020559625 -0.587786664902119 1.1119968721807269e-05 1.488077055429833
0 赛作 1.2572867625934557e-06 -0.3177783698396121 -1000 -3.9953853783787173e-07 1.3545456628053103
0 达上 1.5087441151121468e-06 0.21837207691936142 -1000 3.2946758595690363e-07 1.0360919316867758
0 出保护 1.3830154388528013e-06 8.192266036932713 -1000 1.1330030408267396e-05 1.824549292051046
0 性很强 1.3830154388528013e-06 7.0343708995398275 -1000 9.728643556680449e-06 1.0360919316867758
0 回升的 1.6344727913714924e-06 7.0130032845502495 -1000 1.1462563054396291e-05 1.236762627148927
0 与建设 2.011658820149529e-06 6.63234513848783 -1000 1.3342015596114893e-05 0.7949298748698876
0 持下去 1.3830154388528013e-06 5.693355652297242 -1000 7.873998766006947e-06 1.236762627148927
0 火炬接力 1.5087441151121468e-06 10.318888532804218 -1000 1.556856234836658e-05 1.824549292051046
0 济管理 3.3946742590023304e-06 7.053783643714291 -1.0885619528146082 2.3945297763888567e-05 0.7949298748698876
0 终不 1.8859301438901835e-06 2.3263785715394443 -4.7886022370660735 4.387387474166424e-06 0.949080554697146
0 得了令人 2.388844848927566e-06 6.636062451155284 -5.26241744923321 1.5852523603603936e-05 0.7949298748698876
0 些传 1.5087441151121468e-06 2.688480901677367 -1000 4.056229738997126e-06 1.0360919316867758
0 为突 4.5262323453364405e-06 2.043386561756232 -1.3341783599808767 9.248842349846876e-06 0.2559333741372007
0 员通过 1.3830154388528013e-06 7.240918161013255 -1000 1.0014301608150965e-05 1.1314021114911006
0 交部发言人朱邦 2.388844848927566e-06 12.392632053369416 -0.2363887780642304 2.9604075245346175e-05 1.236762627148927
0 面存 1.6344727913714924e-06 2.863324414006991 -6.68229132929134 4.680025847564149e-06 0.949080554697146
0 年9月1 2.891759553964948e-06 5.631303300085959 -6.841571868340306 1.6284375119297914e-05 0.661398482245365
0 际事务 6.789348518004661e-06 7.2928785497167565 -2.1564025828159643 4.951389417350744e-05 0.4382549309311553
0 省广 1.2572867625934557e-06 1.3268731969978025 -1000 1.6682601062253956e-06 1.236762627148927
0 华通讯 1.2572867625934557e-06 9.257137837440267 -6.99942246750796 1.1638876862516656e-05 1.3545456628053103
0 我国共 1.3830154388528013e-06 4.23796798019968 -1000 5.8611751459799805e-06 1.1314021114911006
0 公平的 2.011658820149529e-06 3.8132368752054986 -1000 7.67093159332657e-06 0.8690378470236095
0 里里 1.3830154388528013e-06 1.3347092039177761 -1000 1.8459234353972163e-06 1.488077055429833
0 军入朝 2.7660308777056025e-06 8.259163907808107 -1.663075395837857 2.2845102393028893e-05 1.1314021114911006
0 各民族 4.274774992817749e-06 7.79945867586885 -1000 3.33409309051196e-05 0.6007738604289301
0 地维 1.3830154388528013e-06 1.3328451043160705 -5.402587287723834 1.843345356868498e-06 1.0360919316867758
0 村基 3.3946742590023304e-06 2.9420958760794615 -1.7272209480904839 9.987457138043857e-06 1.0360919316867758
0 63计 1.3830154388528013e-06 6.980309823248029 -5.237408613461044 9.653876253527893e-06 1.488077055429833
0 继续对 1.2572867625934557e-06 8.273151517875773 -1000 1.0401723888355165e-05 1.0360919316867758
0 名副 4.274774992817749e-06 3.065642185553913 -3.161386777862734 1.3104930551733019e-05 0.661398482245365
0 后继续 2.011658820149529e-06 7.386590628283388 -1000 1.485930018822013e-05 0.949080554697146
0 确规定 4.777689697855132e-06 7.170312555593331 -4.868343839411141 3.425752842725956e-05 0.4382549309311553
0 监督检查 2.7660308777056025e-06 8.757441104368985 -1000 2.4223352504372864e-05 0.661398482245365
0 静地 2.5145735251869114e-06 4.017174204748193 -1000 1.0101479901323592e-05 0.6007738604289301
0 和标 2.2631161726682203e-06 0.5602014726218641 -4.921439715291785 1.267801012643094e-06 1.0360919316867758
0 和社会主义 3.1432169064836392e-06 8.209425974869525 -3.396557002105653 2.5804006516735823e-05 0.6007738604289301
0 造中 1.8859301438901835e-06 0.3828508174976809 -1000 7.220298973318757e-07 1.236762627148927
0 分别会 4.023317640299058e-06 6.169696978224384 -2.591449897694876 2.482265068778996e-05 0.4895482253187058
1 对策 4.777689697855132e-06 3.0133547550049316 -1000 1.4396873968969836e-05 0.3894647667617233
0 99年的2 1.3830154388528013e-06 6.378613845593365 -5.984165244626371 8.821721426935862e-06 1.0360919316867758
